annot	freq_in_pop	freq_in_int	total_ano_in_pop	total_ano_in_int	pval	pval_adj
CH	25	8	15116	949	9.69613315775563e-05	9.69613315775563e-05
DUF4749	3	3	15116	949	0.00024671756843261	0.00024671756843261
7tm_1	81	14	15116	949	0.000472723738006131	0.000472723738006131
Spectrin	8	4	15116	949	0.000881009224033531	0.000881009224033531
PDZ	59	11	15116	949	0.000977382750719837	0.000977382750719837
Neur_chan_LBD	28	7	15116	949	0.00138788179376159	0.00138788179376159
Neur_chan_memb	21	6	15116	949	0.00144519144341386	0.00144519144341386
C2	38	8	15116	949	0.00211881091887115	0.00211881091887115
SH2	30	7	15116	949	0.00213809953112933	0.00213809953112933
SH3_9	23	6	15116	949	0.00241367283512956	0.00241367283512956
Ndr	2	2	15116	949	0.0039375811291346	0.0039375811291346
Pribosyl_synth	2	2	15116	949	0.0039375811291346	0.0039375811291346
Pribosyltran_N	2	2	15116	949	0.0039375811291346	0.0039375811291346
Biotin_lipoyl	6	3	15116	949	0.00427356475238622	0.00427356475238622
Biopterin_H	3	2	15116	949	0.0113193082505386	0.0113193082505386
Biotin_carb_C	3	2	15116	949	0.0113193082505386	0.0113193082505386
Biotin_carb_N	3	2	15116	949	0.0113193082505386	0.0113193082505386
DUF3585	3	2	15116	949	0.0113193082505386	0.0113193082505386
PH_9	3	2	15116	949	0.0113193082505386	0.0113193082505386
RBD	3	2	15116	949	0.0113193082505386	0.0113193082505386
Voltage_CLC	3	2	15116	949	0.0113193082505386	0.0113193082505386
RabGAP-TBC	23	5	15116	949	0.0125820982105083	0.0125820982105083
Ion_trans	41	7	15116	949	0.0129663065287839	0.0129663065287839
PH	42	7	15116	949	0.0147404030297592	0.0147404030297592
Guanylate_kin	9	3	15116	949	0.0155680980762305	0.0155680980762305
RhoGEF	25	5	15116	949	0.0179125869494756	0.0179125869494756
FA_desaturase	10	3	15116	949	0.0212168532153124	0.0212168532153124
BAR	4	2	15116	949	0.021698076172375	0.021698076172375
Cation_ATPase_C	4	2	15116	949	0.021698076172375	0.021698076172375
Cation_ATPase_N	4	2	15116	949	0.021698076172375	0.021698076172375
CPSase_L_D2	4	2	15116	949	0.021698076172375	0.021698076172375
CRAL_TRIO_2	4	2	15116	949	0.021698076172375	0.021698076172375
DDT	4	2	15116	949	0.021698076172375	0.021698076172375
DM13	4	2	15116	949	0.021698076172375	0.021698076172375
Flavodoxin_1	4	2	15116	949	0.021698076172375	0.021698076172375
Glyco_hydro_47	4	2	15116	949	0.021698076172375	0.021698076172375
PNP_UDP_1	4	2	15116	949	0.021698076172375	0.021698076172375
RasGAP	4	2	15116	949	0.021698076172375	0.021698076172375
WSD	4	2	15116	949	0.021698076172375	0.021698076172375
Bromodomain	18	4	15116	949	0.0232854403777118	0.0232854403777118
EF-hand_8	11	3	15116	949	0.0278356117193341	0.0278356117193341
SH3_2	11	3	15116	949	0.0278356117193341	0.0278356117193341
BTB	69	9	15116	949	0.0279750733947237	0.0279750733947237
CBS	5	2	15116	949	0.0346692467752348	0.0346692467752348
CTP_transf_like	5	2	15116	949	0.0346692467752348	0.0346692467752348
DNA_pol_A_exo1	5	2	15116	949	0.0346692467752348	0.0346692467752348
EB	5	2	15116	949	0.0346692467752348	0.0346692467752348
Sec7	5	2	15116	949	0.0346692467752348	0.0346692467752348
TLD	5	2	15116	949	0.0346692467752348	0.0346692467752348
ZU5	5	2	15116	949	0.0346692467752348	0.0346692467752348
Sugar_tr	50	7	15116	949	0.0354992933345639	0.0354992933345639
Pkinase	157	16	15116	949	0.0378701472046509	0.0378701472046509
MFS_1	63	8	15116	949	0.0425553734143241	0.0425553734143241
LIM	32	5	15116	949	0.047411654745267	0.047411654745267
CAP_GLY	6	2	15116	949	0.049867087786659	0.049867087786659
Claudin_2	6	2	15116	949	0.049867087786659	0.049867087786659
DDE_Tnp_4	6	2	15116	949	0.049867087786659	0.049867087786659
FAD_binding_1	6	2	15116	949	0.049867087786659	0.049867087786659
GPHH	6	2	15116	949	0.049867087786659	0.049867087786659
His_Phos_1	6	2	15116	949	0.049867087786659	0.049867087786659
IRK	6	2	15116	949	0.049867087786659	0.049867087786659
Laminin_B	6	2	15116	949	0.049867087786659	0.049867087786659
MyTH4	6	2	15116	949	0.049867087786659	0.049867087786659
Synaptobrevin	6	2	15116	949	0.049867087786659	0.049867087786659
Thyroglobulin_1	6	2	15116	949	0.049867087786659	0.049867087786659
2-oxogl_dehyd_N	1	1	15116	949	0.0627811590367822	0.0627811590367822
AAA_2	1	1	15116	949	0.0627811590367822	0.0627811590367822
ACC_central	1	1	15116	949	0.0627811590367822	0.0627811590367822
Acetyltransf_16	1	1	15116	949	0.0627811590367822	0.0627811590367822
AIP3	1	1	15116	949	0.0627811590367822	0.0627811590367822
APS_kinase	1	1	15116	949	0.0627811590367822	0.0627811590367822
Aquarius_N	1	1	15116	949	0.0627811590367822	0.0627811590367822
Asp	1	1	15116	949	0.0627811590367822	0.0627811590367822
Asp_Arg_Hydrox	1	1	15116	949	0.0627811590367822	0.0627811590367822
ATG13	1	1	15116	949	0.0627811590367822	0.0627811590367822
ATG16	1	1	15116	949	0.0627811590367822	0.0627811590367822
ATP-sulfurylase	1	1	15116	949	0.0627811590367822	0.0627811590367822
B5	1	1	15116	949	0.0627811590367822	0.0627811590367822
BET	1	1	15116	949	0.0627811590367822	0.0627811590367822
BRD4_CDT	1	1	15116	949	0.0627811590367822	0.0627811590367822
Cbl_N	1	1	15116	949	0.0627811590367822	0.0627811590367822
Cbl_N2	1	1	15116	949	0.0627811590367822	0.0627811590367822
Cbl_N3	1	1	15116	949	0.0627811590367822	0.0627811590367822
CLIP1_ZNF	1	1	15116	949	0.0627811590367822	0.0627811590367822
ClpB_D2-small	1	1	15116	949	0.0627811590367822	0.0627811590367822
COMP	1	1	15116	949	0.0627811590367822	0.0627811590367822
Coq4	1	1	15116	949	0.0627811590367822	0.0627811590367822
COX14	1	1	15116	949	0.0627811590367822	0.0627811590367822
CPT_N	1	1	15116	949	0.0627811590367822	0.0627811590367822
DAGAT	1	1	15116	949	0.0627811590367822	0.0627811590367822
DBB	1	1	15116	949	0.0627811590367822	0.0627811590367822
DMAP_binding	1	1	15116	949	0.0627811590367822	0.0627811590367822
DUF1136	1	1	15116	949	0.0627811590367822	0.0627811590367822
DUF1154	1	1	15116	949	0.0627811590367822	0.0627811590367822
DUF2181	1	1	15116	949	0.0627811590367822	0.0627811590367822
DUF3498	1	1	15116	949	0.0627811590367822	0.0627811590367822
DUF3513	1	1	15116	949	0.0627811590367822	0.0627811590367822
DUF3591	1	1	15116	949	0.0627811590367822	0.0627811590367822
DUF4071	1	1	15116	949	0.0627811590367822	0.0627811590367822
DUF4757	1	1	15116	949	0.0627811590367822	0.0627811590367822
DUF4803	1	1	15116	949	0.0627811590367822	0.0627811590367822
DUF4808	1	1	15116	949	0.0627811590367822	0.0627811590367822
DUF758	1	1	15116	949	0.0627811590367822	0.0627811590367822
Dynein_IC2	1	1	15116	949	0.0627811590367822	0.0627811590367822
EF-hand_3	1	1	15116	949	0.0627811590367822	0.0627811590367822
F_actin_cap_B	1	1	15116	949	0.0627811590367822	0.0627811590367822
F-actin_cap_A	1	1	15116	949	0.0627811590367822	0.0627811590367822
FAM177	1	1	15116	949	0.0627811590367822	0.0627811590367822
FAM76	1	1	15116	949	0.0627811590367822	0.0627811590367822
FOXP-CC	1	1	15116	949	0.0627811590367822	0.0627811590367822
FUN14	1	1	15116	949	0.0627811590367822	0.0627811590367822
Fuseless	1	1	15116	949	0.0627811590367822	0.0627811590367822
FYVE_2	1	1	15116	949	0.0627811590367822	0.0627811590367822
GCD14	1	1	15116	949	0.0627811590367822	0.0627811590367822
GDE_C	1	1	15116	949	0.0627811590367822	0.0627811590367822
Glyco_transf_41	1	1	15116	949	0.0627811590367822	0.0627811590367822
Glycolytic	1	1	15116	949	0.0627811590367822	0.0627811590367822
GMP_synt_C	1	1	15116	949	0.0627811590367822	0.0627811590367822
GSH_synth_ATP	1	1	15116	949	0.0627811590367822	0.0627811590367822
GSH_synthase	1	1	15116	949	0.0627811590367822	0.0627811590367822
GTP_cyclohydroI	1	1	15116	949	0.0627811590367822	0.0627811590367822
hDGE_amylase	1	1	15116	949	0.0627811590367822	0.0627811590367822
Headcase	1	1	15116	949	0.0627811590367822	0.0627811590367822
HECA	1	1	15116	949	0.0627811590367822	0.0627811590367822
hGDE_central	1	1	15116	949	0.0627811590367822	0.0627811590367822
hGDE_N	1	1	15116	949	0.0627811590367822	0.0627811590367822
HOIP-UBA	1	1	15116	949	0.0627811590367822	0.0627811590367822
HS1_rep	1	1	15116	949	0.0627811590367822	0.0627811590367822
HUN	1	1	15116	949	0.0627811590367822	0.0627811590367822
Ints3	1	1	15116	949	0.0627811590367822	0.0627811590367822
Ion_trans_N	1	1	15116	949	0.0627811590367822	0.0627811590367822
IRF-2BP1_2	1	1	15116	949	0.0627811590367822	0.0627811590367822
Jiraiya	1	1	15116	949	0.0627811590367822	0.0627811590367822
JUPITER	1	1	15116	949	0.0627811590367822	0.0627811590367822
KIND	1	1	15116	949	0.0627811590367822	0.0627811590367822
KRAP_IP3R_bind	1	1	15116	949	0.0627811590367822	0.0627811590367822
L27_1	1	1	15116	949	0.0627811590367822	0.0627811590367822
LSM14	1	1	15116	949	0.0627811590367822	0.0627811590367822
MAP7	1	1	15116	949	0.0627811590367822	0.0627811590367822
Methyltransf_5	1	1	15116	949	0.0627811590367822	0.0627811590367822
MgtE	1	1	15116	949	0.0627811590367822	0.0627811590367822
Milton	1	1	15116	949	0.0627811590367822	0.0627811590367822
Mur_ligase_M	1	1	15116	949	0.0627811590367822	0.0627811590367822
N_BRCA1_IG	1	1	15116	949	0.0627811590367822	0.0627811590367822
Na_trans_assoc	1	1	15116	949	0.0627811590367822	0.0627811590367822
Na_trans_cytopl	1	1	15116	949	0.0627811590367822	0.0627811590367822
Nop52	1	1	15116	949	0.0627811590367822	0.0627811590367822
NUDIX_2	1	1	15116	949	0.0627811590367822	0.0627811590367822
p25-alpha	1	1	15116	949	0.0627811590367822	0.0627811590367822
PA26	1	1	15116	949	0.0627811590367822	0.0627811590367822
Pacs-1	1	1	15116	949	0.0627811590367822	0.0627811590367822
PAH	1	1	15116	949	0.0627811590367822	0.0627811590367822
PEPCK_C	1	1	15116	949	0.0627811590367822	0.0627811590367822
PEPCK_N	1	1	15116	949	0.0627811590367822	0.0627811590367822
Peptidase_S51	1	1	15116	949	0.0627811590367822	0.0627811590367822
Pex19	1	1	15116	949	0.0627811590367822	0.0627811590367822
PHAT	1	1	15116	949	0.0627811590367822	0.0627811590367822
PHO4	1	1	15116	949	0.0627811590367822	0.0627811590367822
PIG-L	1	1	15116	949	0.0627811590367822	0.0627811590367822
PKI	1	1	15116	949	0.0627811590367822	0.0627811590367822
PMC2NT	1	1	15116	949	0.0627811590367822	0.0627811590367822
PRKG1_interact	1	1	15116	949	0.0627811590367822	0.0627811590367822
Pro_CA	1	1	15116	949	0.0627811590367822	0.0627811590367822
Prok-RING_4	1	1	15116	949	0.0627811590367822	0.0627811590367822
PS_Dcarbxylase	1	1	15116	949	0.0627811590367822	0.0627811590367822
PTB	1	1	15116	949	0.0627811590367822	0.0627811590367822
PUA_2	1	1	15116	949	0.0627811590367822	0.0627811590367822
PUF	1	1	15116	949	0.0627811590367822	0.0627811590367822
Put_Phosphatase	1	1	15116	949	0.0627811590367822	0.0627811590367822
PYC_OADA	1	1	15116	949	0.0627811590367822	0.0627811590367822
Pyrophosphatase	1	1	15116	949	0.0627811590367822	0.0627811590367822
RAMP4	1	1	15116	949	0.0627811590367822	0.0627811590367822
Reprolysin_2	1	1	15116	949	0.0627811590367822	0.0627811590367822
Reticulon	1	1	15116	949	0.0627811590367822	0.0627811590367822
Rgp1	1	1	15116	949	0.0627811590367822	0.0627811590367822
Ribosomal_L18	1	1	15116	949	0.0627811590367822	0.0627811590367822
Ribosomal_L21p	1	1	15116	949	0.0627811590367822	0.0627811590367822
RNA_GG_bind	1	1	15116	949	0.0627811590367822	0.0627811590367822
Rogdi_lz	1	1	15116	949	0.0627811590367822	0.0627811590367822
Secretogranin_V	1	1	15116	949	0.0627811590367822	0.0627811590367822
Seipin	1	1	15116	949	0.0627811590367822	0.0627811590367822
SelR	1	1	15116	949	0.0627811590367822	0.0627811590367822
Serine_rich	1	1	15116	949	0.0627811590367822	0.0627811590367822
SHMT	1	1	15116	949	0.0627811590367822	0.0627811590367822
Sin3_corepress	1	1	15116	949	0.0627811590367822	0.0627811590367822
Sin3a_C	1	1	15116	949	0.0627811590367822	0.0627811590367822
SMP_LBD	1	1	15116	949	0.0627811590367822	0.0627811590367822
SNase	1	1	15116	949	0.0627811590367822	0.0627811590367822
Synaphin	1	1	15116	949	0.0627811590367822	0.0627811590367822
TBP-binding	1	1	15116	949	0.0627811590367822	0.0627811590367822
TFIIA	1	1	15116	949	0.0627811590367822	0.0627811590367822
Tox-SGS	1	1	15116	949	0.0627811590367822	0.0627811590367822
TRIC	1	1	15116	949	0.0627811590367822	0.0627811590367822
Tsg	1	1	15116	949	0.0627811590367822	0.0627811590367822
TSP_3	1	1	15116	949	0.0627811590367822	0.0627811590367822
TSP_C	1	1	15116	949	0.0627811590367822	0.0627811590367822
UBN_AB	1	1	15116	949	0.0627811590367822	0.0627811590367822
UcrQ	1	1	15116	949	0.0627811590367822	0.0627811590367822
UNC80	1	1	15116	949	0.0627811590367822	0.0627811590367822
Vps55	1	1	15116	949	0.0627811590367822	0.0627811590367822
XendoU	1	1	15116	949	0.0627811590367822	0.0627811590367822
zf-CCHC_6	1	1	15116	949	0.0627811590367822	0.0627811590367822
zinc_ribbon_10	1	1	15116	949	0.0627811590367822	0.0627811590367822
Amidase_2	7	2	15116	949	0.0669614906121892	0.0669614906121892
SOCS_box	7	2	15116	949	0.0669614906121892	0.0669614906121892
Y_phosphatase	16	3	15116	949	0.0749067783712775	0.0749067783712775
Cation_ATPase	8	2	15116	949	0.0856549462755479	0.0856549462755479
HTH_psq	8	2	15116	949	0.0856549462755479	0.0856549462755479
ZZ	8	2	15116	949	0.0856549462755479	0.0856549462755479
Acyltransferase	17	3	15116	949	0.0868793531628565	0.0868793531628565
cNMP_binding	17	3	15116	949	0.0868793531628565	0.0868793531628565
DnaJ_C	9	2	15116	949	0.105679760046782	0.105679760046782
Myb_DNA-binding	9	2	15116	949	0.105679760046782	0.105679760046782
NAD_binding_1	9	2	15116	949	0.105679760046782	0.105679760046782
14-3-3	2	1	15116	949	0.12162473694443	0.12162473694443
5_nucleotid	2	1	15116	949	0.12162473694443	0.12162473694443
Aconitase	2	1	15116	949	0.12162473694443	0.12162473694443
Aconitase_C	2	1	15116	949	0.12162473694443	0.12162473694443
ACT	2	1	15116	949	0.12162473694443	0.12162473694443
AMP_N	2	1	15116	949	0.12162473694443	0.12162473694443
Anoct_dimer	2	1	15116	949	0.12162473694443	0.12162473694443
ANTH	2	1	15116	949	0.12162473694443	0.12162473694443
ASD2	2	1	15116	949	0.12162473694443	0.12162473694443
B12D	2	1	15116	949	0.12162473694443	0.12162473694443
B3_4	2	1	15116	949	0.12162473694443	0.12162473694443
B56	2	1	15116	949	0.12162473694443	0.12162473694443
BK_channel_a	2	1	15116	949	0.12162473694443	0.12162473694443
BTK	2	1	15116	949	0.12162473694443	0.12162473694443
Carboxyl_trans	2	1	15116	949	0.12162473694443	0.12162473694443
Cast	2	1	15116	949	0.12162473694443	0.12162473694443
CBM_21	2	1	15116	949	0.12162473694443	0.12162473694443
CEBP_ZZ	2	1	15116	949	0.12162473694443	0.12162473694443
Choline_kinase	2	1	15116	949	0.12162473694443	0.12162473694443
CIDE-N	2	1	15116	949	0.12162473694443	0.12162473694443
Corazonin	2	1	15116	949	0.12162473694443	0.12162473694443
CP2	2	1	15116	949	0.12162473694443	0.12162473694443
CUT	2	1	15116	949	0.12162473694443	0.12162473694443
dNK	2	1	15116	949	0.12162473694443	0.12162473694443
Drf_GBD	2	1	15116	949	0.12162473694443	0.12162473694443
DUF1279	2	1	15116	949	0.12162473694443	0.12162473694443
DUF1977	2	1	15116	949	0.12162473694443	0.12162473694443
DUF3808	2	1	15116	949	0.12162473694443	0.12162473694443
Dynamin_M	2	1	15116	949	0.12162473694443	0.12162473694443
DZF	2	1	15116	949	0.12162473694443	0.12162473694443
EHD_N	2	1	15116	949	0.12162473694443	0.12162473694443
ELFV_dehydrog	2	1	15116	949	0.12162473694443	0.12162473694443
ELFV_dehydrog_N	2	1	15116	949	0.12162473694443	0.12162473694443
ENTH	2	1	15116	949	0.12162473694443	0.12162473694443
FDF	2	1	15116	949	0.12162473694443	0.12162473694443
fn3_4	2	1	15116	949	0.12162473694443	0.12162473694443
GAS2	2	1	15116	949	0.12162473694443	0.12162473694443
GATase_6	2	1	15116	949	0.12162473694443	0.12162473694443
GED	2	1	15116	949	0.12162473694443	0.12162473694443
Glucosamine_iso	2	1	15116	949	0.12162473694443	0.12162473694443
Glyco_hydro_15	2	1	15116	949	0.12162473694443	0.12162473694443
Glypican	2	1	15116	949	0.12162473694443	0.12162473694443
HAP1_N	2	1	15116	949	0.12162473694443	0.12162473694443
HMGL-like	2	1	15116	949	0.12162473694443	0.12162473694443
HRDC	2	1	15116	949	0.12162473694443	0.12162473694443
HSA	2	1	15116	949	0.12162473694443	0.12162473694443
Hydrolase_3	2	1	15116	949	0.12162473694443	0.12162473694443
I_LWEQ	2	1	15116	949	0.12162473694443	0.12162473694443
IFRD	2	1	15116	949	0.12162473694443	0.12162473694443
IFRD_C	2	1	15116	949	0.12162473694443	0.12162473694443
IMD	2	1	15116	949	0.12162473694443	0.12162473694443
KASH	2	1	15116	949	0.12162473694443	0.12162473694443
KCNQ_channel	2	1	15116	949	0.12162473694443	0.12162473694443
Ku	2	1	15116	949	0.12162473694443	0.12162473694443
Ku_C	2	1	15116	949	0.12162473694443	0.12162473694443
Ku_N	2	1	15116	949	0.12162473694443	0.12162473694443
LLGL	2	1	15116	949	0.12162473694443	0.12162473694443
Lung_7-TM_R	2	1	15116	949	0.12162473694443	0.12162473694443
Macro	2	1	15116	949	0.12162473694443	0.12162473694443
Motile_Sperm	2	1	15116	949	0.12162473694443	0.12162473694443
Myofilin	2	1	15116	949	0.12162473694443	0.12162473694443
Myosin_N	2	1	15116	949	0.12162473694443	0.12162473694443
NAD_synthase	2	1	15116	949	0.12162473694443	0.12162473694443
NO_synthase	2	1	15116	949	0.12162473694443	0.12162473694443
NOT2_3_5	2	1	15116	949	0.12162473694443	0.12162473694443
NPC1_N	2	1	15116	949	0.12162473694443	0.12162473694443
OxoGdeHyase_C	2	1	15116	949	0.12162473694443	0.12162473694443
P53	2	1	15116	949	0.12162473694443	0.12162473694443
PAP2_C	2	1	15116	949	0.12162473694443	0.12162473694443
PRA1	2	1	15116	949	0.12162473694443	0.12162473694443
Prenyltransf	2	1	15116	949	0.12162473694443	0.12162473694443
Pro_dh	2	1	15116	949	0.12162473694443	0.12162473694443
Prominin	2	1	15116	949	0.12162473694443	0.12162473694443
RBD-FIP	2	1	15116	949	0.12162473694443	0.12162473694443
RRM_7	2	1	15116	949	0.12162473694443	0.12162473694443
S-AdoMet_synt_C	2	1	15116	949	0.12162473694443	0.12162473694443
S-AdoMet_synt_M	2	1	15116	949	0.12162473694443	0.12162473694443
S-AdoMet_synt_N	2	1	15116	949	0.12162473694443	0.12162473694443
S-methyl_trans	2	1	15116	949	0.12162473694443	0.12162473694443
SBF2	2	1	15116	949	0.12162473694443	0.12162473694443
SNARE_assoc	2	1	15116	949	0.12162473694443	0.12162473694443
Syntaxin	2	1	15116	949	0.12162473694443	0.12162473694443
TB2_DP1_HVA22	2	1	15116	949	0.12162473694443	0.12162473694443
THF_DHG_CYH	2	1	15116	949	0.12162473694443	0.12162473694443
THF_DHG_CYH_C	2	1	15116	949	0.12162473694443	0.12162473694443
Tox-GHH	2	1	15116	949	0.12162473694443	0.12162473694443
Tropomyosin	2	1	15116	949	0.12162473694443	0.12162473694443
Troponin	2	1	15116	949	0.12162473694443	0.12162473694443
UDPGP	2	1	15116	949	0.12162473694443	0.12162473694443
WHIM1	2	1	15116	949	0.12162473694443	0.12162473694443
YTH	2	1	15116	949	0.12162473694443	0.12162473694443
PID	10	2	15116	949	0.126795486754649	0.126795486754649
Pkinase_C	10	2	15116	949	0.126795486754649	0.126795486754649
KH_1	20	3	15116	949	0.127060914813699	0.127060914813699
7tm_7	55	6	15116	949	0.129249471117807	0.129249471117807
fn3	43	5	15116	949	0.130340410283978	0.130340410283978
E1-E2_ATPase	11	2	15116	949	0.14878657009583	0.14878657009583
Peptidase_C1	11	2	15116	949	0.14878657009583	0.14878657009583
DOMON	12	2	15116	949	0.171460170475763	0.171460170475763
Laminin_EGF	12	2	15116	949	0.171460170475763	0.171460170475763
SPRY	12	2	15116	949	0.171460170475763	0.171460170475763
2-oxoacid_dh	3	1	15116	949	0.176777451291375	0.176777451291375
BSD	3	1	15116	949	0.176777451291375	0.176777451291375
bZIP_Maf	3	1	15116	949	0.176777451291375	0.176777451291375
CarboxypepD_reg	3	1	15116	949	0.176777451291375	0.176777451291375
CBF	3	1	15116	949	0.176777451291375	0.176777451291375
Choline_transpo	3	1	15116	949	0.176777451291375	0.176777451291375
Cullin_binding	3	1	15116	949	0.176777451291375	0.176777451291375
DNA_pol_E_B	3	1	15116	949	0.176777451291375	0.176777451291375
DnaJ_CXXCXGXG	3	1	15116	949	0.176777451291375	0.176777451291375
DUF1126	3	1	15116	949	0.176777451291375	0.176777451291375
DUF1899	3	1	15116	949	0.176777451291375	0.176777451291375
DUF229	3	1	15116	949	0.176777451291375	0.176777451291375
DUF3456	3	1	15116	949	0.176777451291375	0.176777451291375
EF-hand_2	3	1	15116	949	0.176777451291375	0.176777451291375
EF-hand_like	3	1	15116	949	0.176777451291375	0.176777451291375
FAD_binding_7	3	1	15116	949	0.176777451291375	0.176777451291375
GalKase_gal_bdg	3	1	15116	949	0.176777451291375	0.176777451291375
GATase	3	1	15116	949	0.176777451291375	0.176777451291375
Glyco_transf_8	3	1	15116	949	0.176777451291375	0.176777451291375
GSHPx	3	1	15116	949	0.176777451291375	0.176777451291375
HAD_2	3	1	15116	949	0.176777451291375	0.176777451291375
IPK	3	1	15116	949	0.176777451291375	0.176777451291375
Ldh_1_C	3	1	15116	949	0.176777451291375	0.176777451291375
Ldh_1_N	3	1	15116	949	0.176777451291375	0.176777451291375
LysM	3	1	15116	949	0.176777451291375	0.176777451291375
MAPEG	3	1	15116	949	0.176777451291375	0.176777451291375
MOSC	3	1	15116	949	0.176777451291375	0.176777451291375
MOSC_N	3	1	15116	949	0.176777451291375	0.176777451291375
P_proprotein	3	1	15116	949	0.176777451291375	0.176777451291375
PDZ_2	3	1	15116	949	0.176777451291375	0.176777451291375
PITH	3	1	15116	949	0.176777451291375	0.176777451291375
PRELI	3	1	15116	949	0.176777451291375	0.176777451291375
PTEN_C2	3	1	15116	949	0.176777451291375	0.176777451291375
RFX_DNA_binding	3	1	15116	949	0.176777451291375	0.176777451291375
Rieske	3	1	15116	949	0.176777451291375	0.176777451291375
RNase_Zc3h12a	3	1	15116	949	0.176777451291375	0.176777451291375
S8_pro-domain	3	1	15116	949	0.176777451291375	0.176777451291375
Sacchrp_dh_NADP	3	1	15116	949	0.176777451291375	0.176777451291375
Scramblase	3	1	15116	949	0.176777451291375	0.176777451291375
SDF	3	1	15116	949	0.176777451291375	0.176777451291375
SPARC_Ca_bdg	3	1	15116	949	0.176777451291375	0.176777451291375
SVWC	3	1	15116	949	0.176777451291375	0.176777451291375
TGFb_propeptide	3	1	15116	949	0.176777451291375	0.176777451291375
TIR_2	3	1	15116	949	0.176777451291375	0.176777451291375
UNC-93	3	1	15116	949	0.176777451291375	0.176777451291375
VHP	3	1	15116	949	0.176777451291375	0.176777451291375
WD40_4	3	1	15116	949	0.176777451291375	0.176777451291375
WHEP-TRS	3	1	15116	949	0.176777451291375	0.176777451291375
zf-CCHH	3	1	15116	949	0.176777451291375	0.176777451291375
Arf	13	2	15116	949	0.194644167050688	0.194644167050688
Astacin	13	2	15116	949	0.194644167050688	0.194644167050688
TPR_1	13	2	15116	949	0.194644167050688	0.194644167050688
bZIP_2	14	2	15116	949	0.218185320693952	0.218185320693952
HECT	14	2	15116	949	0.218185320693952	0.218185320693952
AMP-binding	26	3	15116	949	0.221658176819007	0.221658176819007
SH3_1	26	3	15116	949	0.221658176819007	0.221658176819007
UQ_con	26	3	15116	949	0.221658176819007	0.221658176819007
2OG-FeII_Oxy_2	4	1	15116	949	0.228470576331043	0.228470576331043
ADH_zinc_N_2	4	1	15116	949	0.228470576331043	0.228470576331043
Anoctamin	4	1	15116	949	0.228470576331043	0.228470576331043
ATP-gua_Ptrans	4	1	15116	949	0.228470576331043	0.228470576331043
ATP-gua_PtransN	4	1	15116	949	0.228470576331043	0.228470576331043
Bax1-I	4	1	15116	949	0.228470576331043	0.228470576331043
Ca_chan_IQ	4	1	15116	949	0.228470576331043	0.228470576331043
CLASP_N	4	1	15116	949	0.228470576331043	0.228470576331043
DNA_photolyase	4	1	15116	949	0.228470576331043	0.228470576331043
Drf_FH3	4	1	15116	949	0.228470576331043	0.228470576331043
Filamin	4	1	15116	949	0.228470576331043	0.228470576331043
HNOB	4	1	15116	949	0.228470576331043	0.228470576331043
MBD	4	1	15116	949	0.228470576331043	0.228470576331043
MORN	4	1	15116	949	0.228470576331043	0.228470576331043
PAN_1	4	1	15116	949	0.228470576331043	0.228470576331043
PI-PLC-X	4	1	15116	949	0.228470576331043	0.228470576331043
PI-PLC-Y	4	1	15116	949	0.228470576331043	0.228470576331043
Pou	4	1	15116	949	0.228470576331043	0.228470576331043
SGL	4	1	15116	949	0.228470576331043	0.228470576331043
SIR2	4	1	15116	949	0.228470576331043	0.228470576331043
Sterol-sensing	4	1	15116	949	0.228470576331043	0.228470576331043
V_ATPase_I	4	1	15116	949	0.228470576331043	0.228470576331043
W2	4	1	15116	949	0.228470576331043	0.228470576331043
Myosin_head	15	2	15116	949	0.241947585587473	0.241947585587473
Ricin_B_lectin	15	2	15116	949	0.241947585587473	0.241947585587473
Aa_trans	16	2	15116	949	0.26581055804693	0.26581055804693
GST_N_3	29	3	15116	949	0.27316155264925	0.27316155264925
Lectin_C	29	3	15116	949	0.27316155264925	0.27316155264925
A_deaminase	5	1	15116	949	0.276920908719994	0.276920908719994
Aminotran_3	5	1	15116	949	0.276920908719994	0.276920908719994
Carn_acyltransf	5	1	15116	949	0.276920908719994	0.276920908719994
CDP-OH_P_transf	5	1	15116	949	0.276920908719994	0.276920908719994
CTD_bind	5	1	15116	949	0.276920908719994	0.276920908719994
Dynamin_N	5	1	15116	949	0.276920908719994	0.276920908719994
EF-hand_5	5	1	15116	949	0.276920908719994	0.276920908719994
EGF_2	5	1	15116	949	0.276920908719994	0.276920908719994
Epimerase	5	1	15116	949	0.276920908719994	0.276920908719994
F5_F8_type_C	5	1	15116	949	0.276920908719994	0.276920908719994
Frizzled	5	1	15116	949	0.276920908719994	0.276920908719994
Glyco_hydro_31	5	1	15116	949	0.276920908719994	0.276920908719994
GST_C_3	5	1	15116	949	0.276920908719994	0.276920908719994
Hist_deacetyl	5	1	15116	949	0.276920908719994	0.276920908719994
Inhibitor_I29	5	1	15116	949	0.276920908719994	0.276920908719994
Inositol_P	5	1	15116	949	0.276920908719994	0.276920908719994
Iso_dh	5	1	15116	949	0.276920908719994	0.276920908719994
Myosin_tail_1	5	1	15116	949	0.276920908719994	0.276920908719994
Na_H_Exchanger	5	1	15116	949	0.276920908719994	0.276920908719994
Peptidase_M17	5	1	15116	949	0.276920908719994	0.276920908719994
Peptidase_S8	5	1	15116	949	0.276920908719994	0.276920908719994
RINGv	5	1	15116	949	0.276920908719994	0.276920908719994
START	5	1	15116	949	0.276920908719994	0.276920908719994
TPR_10	5	1	15116	949	0.276920908719994	0.276920908719994
Transket_pyr	5	1	15116	949	0.276920908719994	0.276920908719994
UBA_4	5	1	15116	949	0.276920908719994	0.276920908719994
zf-H2C2_5	5	1	15116	949	0.276920908719994	0.276920908719994
Ras	57	5	15116	949	0.286557062713812	0.286557062713812
Glycos_transf_2	17	2	15116	949	0.289668052031473	0.289668052031473
TUDOR	17	2	15116	949	0.289668052031473	0.289668052031473
Ldl_recept_a	30	3	15116	949	0.29062325100062	0.29062325100062
CRAL_TRIO	45	4	15116	949	0.312214544098431	0.312214544098431
Acetyltransf_1	18	2	15116	949	0.313426791570421	0.313426791570421
PX	18	2	15116	949	0.313426791570421	0.313426791570421
SAM_1	18	2	15116	949	0.313426791570421	0.313426791570421
Serpin	18	2	15116	949	0.313426791570421	0.313426791570421
adh_short_C2	6	1	15116	949	0.322331672906661	0.322331672906661
Amidase	6	1	15116	949	0.322331672906661	0.322331672906661
CNH	6	1	15116	949	0.322331672906661	0.322331672906661
Cu-oxidase	6	1	15116	949	0.322331672906661	0.322331672906661
Cu-oxidase_2	6	1	15116	949	0.322331672906661	0.322331672906661
Cu-oxidase_3	6	1	15116	949	0.322331672906661	0.322331672906661
DPPIV_N	6	1	15116	949	0.322331672906661	0.322331672906661
E1_dh	6	1	15116	949	0.322331672906661	0.322331672906661
EF-hand_6	6	1	15116	949	0.322331672906661	0.322331672906661
EMP24_GP25L	6	1	15116	949	0.322331672906661	0.322331672906661
FH2	6	1	15116	949	0.322331672906661	0.322331672906661
G-alpha	6	1	15116	949	0.322331672906661	0.322331672906661
GATA	6	1	15116	949	0.322331672906661	0.322331672906661
GHMP_kinases_C	6	1	15116	949	0.322331672906661	0.322331672906661
GHMP_kinases_N	6	1	15116	949	0.322331672906661	0.322331672906661
GST_C_2	6	1	15116	949	0.322331672906661	0.322331672906661
HNOBA	6	1	15116	949	0.322331672906661	0.322331672906661
Hydrolase_6	6	1	15116	949	0.322331672906661	0.322331672906661
Hydrolase_like	6	1	15116	949	0.322331672906661	0.322331672906661
IBR	6	1	15116	949	0.322331672906661	0.322331672906661
Innexin	6	1	15116	949	0.322331672906661	0.322331672906661
Laminin_N	6	1	15116	949	0.322331672906661	0.322331672906661
Patched	6	1	15116	949	0.322331672906661	0.322331672906661
Pep_M12B_propep	6	1	15116	949	0.322331672906661	0.322331672906661
Phospholip_A2_2	6	1	15116	949	0.322331672906661	0.322331672906661
RasGEF_N	6	1	15116	949	0.322331672906661	0.322331672906661
SNARE	6	1	15116	949	0.322331672906661	0.322331672906661
TGF_beta	6	1	15116	949	0.322331672906661	0.322331672906661
tRNA-synt_2	6	1	15116	949	0.322331672906661	0.322331672906661
tRNA-synt_2b	6	1	15116	949	0.322331672906661	0.322331672906661
Forkhead	19	2	15116	949	0.337005211064557	0.337005211064557
IQ	19	2	15116	949	0.337005211064557	0.337005211064557
EF-hand_7	47	4	15116	949	0.341243526720777	0.341243526720777
DnaJ	33	3	15116	949	0.343294207174006	0.343294207174006
WW	20	2	15116	949	0.36033235509243	0.36033235509243
ARID	7	1	15116	949	0.36489336995574	0.36489336995574
Collagen	7	1	15116	949	0.36489336995574	0.36489336995574
Death	7	1	15116	949	0.36489336995574	0.36489336995574
Disintegrin	7	1	15116	949	0.36489336995574	0.36489336995574
ELM2	7	1	15116	949	0.36489336995574	0.36489336995574
His_Phos_2	7	1	15116	949	0.36489336995574	0.36489336995574
Laminin_G_1	7	1	15116	949	0.36489336995574	0.36489336995574
OS-D	7	1	15116	949	0.36489336995574	0.36489336995574
Peptidase_S9	7	1	15116	949	0.36489336995574	0.36489336995574
tRNA_anti-codon	7	1	15116	949	0.36489336995574	0.36489336995574
Hormone_recep	21	2	15116	949	0.383346869976149	0.383346869976149
RhoGAP	21	2	15116	949	0.383346869976149	0.383346869976149
UCH	21	2	15116	949	0.383346869976149	0.383346869976149
Mito_carr	36	3	15116	949	0.395623713175894	0.395623713175894
AAA_11	8	1	15116	949	0.404784573338624	0.404784573338624
AAA_12	8	1	15116	949	0.404784573338624	0.404784573338624
Annexin	8	1	15116	949	0.404784573338624	0.404784573338624
Band_7	8	1	15116	949	0.404784573338624	0.404784573338624
Cytochrom_B561	8	1	15116	949	0.404784573338624	0.404784573338624
DHC_N1	8	1	15116	949	0.404784573338624	0.404784573338624
Ets	8	1	15116	949	0.404784573338624	0.404784573338624
FCH	8	1	15116	949	0.404784573338624	0.404784573338624
HGTP_anticodon	8	1	15116	949	0.404784573338624	0.404784573338624
HSP20	8	1	15116	949	0.404784573338624	0.404784573338624
Ig_2	8	1	15116	949	0.404784573338624	0.404784573338624
Ldl_recept_b	8	1	15116	949	0.404784573338624	0.404784573338624
PDEase_I	8	1	15116	949	0.404784573338624	0.404784573338624
Rhodanese	8	1	15116	949	0.404784573338624	0.404784573338624
ThiF	8	1	15116	949	0.404784573338624	0.404784573338624
zf-RanBP	8	1	15116	949	0.404784573338624	0.404784573338624
zf-UBP	8	1	15116	949	0.404784573338624	0.404784573338624
EGF_CA	22	2	15116	949	0.40599607993995	0.40599607993995
FERM_M	22	2	15116	949	0.40599607993995	0.40599607993995
zf-C4	22	2	15116	949	0.40599607993995	0.40599607993995
PHD	23	2	15116	949	0.428235141231646	0.428235141231646
zf-RING_2	23	2	15116	949	0.428235141231646	0.428235141231646
CBFD_NFYB_HMF	9	1	15116	949	0.442172675000105	0.442172675000105
Cyclin_C	9	1	15116	949	0.442172675000105	0.442172675000105
FKBP_C	9	1	15116	949	0.442172675000105	0.442172675000105
FXa_inhibition	9	1	15116	949	0.442172675000105	0.442172675000105
Fz	9	1	15116	949	0.442172675000105	0.442172675000105
Kazal_2	9	1	15116	949	0.442172675000105	0.442172675000105
MIF4G	9	1	15116	949	0.442172675000105	0.442172675000105
Mpv17_PMP22	9	1	15116	949	0.442172675000105	0.442172675000105
Peptidase_C2	9	1	15116	949	0.442172675000105	0.442172675000105
SAM_2	9	1	15116	949	0.442172675000105	0.442172675000105
Sushi	9	1	15116	949	0.442172675000105	0.442172675000105
UBA	9	1	15116	949	0.442172675000105	0.442172675000105
Zip	9	1	15116	949	0.442172675000105	0.442172675000105
ERAP1_C	24	2	15116	949	0.450026268074744	0.450026268074744
GMC_oxred_N	24	2	15116	949	0.450026268074744	0.450026268074744
GMC_oxred_C	25	2	15116	949	0.471338024780557	0.471338024780557
Laminin_G_2	25	2	15116	949	0.471338024780557	0.471338024780557
Aldedh	10	1	15116	949	0.477214584805155	0.477214584805155
Aminotran_1_2	10	1	15116	949	0.477214584805155	0.477214584805155
Gal-bind_lectin	10	1	15116	949	0.477214584805155	0.477214584805155
PAS	10	1	15116	949	0.477214584805155	0.477214584805155
Pyr_redox_2	10	1	15116	949	0.477214584805155	0.477214584805155
RGS	10	1	15116	949	0.477214584805155	0.477214584805155
STAS	10	1	15116	949	0.477214584805155	0.477214584805155
TPR_11	10	1	15116	949	0.477214584805155	0.477214584805155
Peptidase_M1	26	2	15116	949	0.492144678777352	0.492144678777352
AAA_5	11	1	15116	949	0.510057386276088	0.510057386276088
AAA_6	11	1	15116	949	0.510057386276088	0.510057386276088
AAA_8	11	1	15116	949	0.510057386276088	0.510057386276088
Alk_phosphatase	11	1	15116	949	0.510057386276088	0.510057386276088
IBN_N	11	1	15116	949	0.510057386276088	0.510057386276088
Peptidase_M24	11	1	15116	949	0.510057386276088	0.510057386276088
RasGEF	11	1	15116	949	0.510057386276088	0.510057386276088
Sulfate_transp	11	1	15116	949	0.510057386276088	0.510057386276088
I-set	91	6	15116	949	0.511424876207094	0.511424876207094
EGF	27	2	15116	949	0.512425609710139	0.512425609710139
AA_permease_2	12	1	15116	949	0.540838951348845	0.540838951348845
AAA_7	12	1	15116	949	0.540838951348845	0.540838951348845
AAA_9	12	1	15116	949	0.540838951348845	0.540838951348845
BTB_2	12	1	15116	949	0.540838951348845	0.540838951348845
Cyt-b5	12	1	15116	949	0.540838951348845	0.540838951348845
DHHC	12	1	15116	949	0.540838951348845	0.540838951348845
Dynein_heavy	12	1	15116	949	0.540838951348845	0.540838951348845
ig	12	1	15116	949	0.540838951348845	0.540838951348845
Ion_trans_2	12	1	15116	949	0.540838951348845	0.540838951348845
MT	12	1	15116	949	0.540838951348845	0.540838951348845
PI3_PI4_kinase	12	1	15116	949	0.540838951348845	0.540838951348845
RCC1	12	1	15116	949	0.540838951348845	0.540838951348845
Tubulin	12	1	15116	949	0.540838951348845	0.540838951348845
Tubulin_C	12	1	15116	949	0.540838951348845	0.540838951348845
RRM_1	127	8	15116	949	0.548285399655917	0.548285399655917
Peptidase_M14	29	2	15116	949	0.551350193649371	0.551350193649371
Ig_3	95	6	15116	949	0.554097514291425	0.554097514291425
Carb_anhydrase	13	1	15116	949	0.569688516707025	0.569688516707025
DHC_N2	13	1	15116	949	0.569688516707025	0.569688516707025
Kelch_1	13	1	15116	949	0.569688516707025	0.569688516707025
Lig_chan-Glu_bd	13	1	15116	949	0.569688516707025	0.569688516707025
MRJP	13	1	15116	949	0.569688516707025	0.569688516707025
OB_NTP_bind	13	1	15116	949	0.569688516707025	0.569688516707025
RA	13	1	15116	949	0.569688516707025	0.569688516707025
C2-set_2	31	2	15116	949	0.588029720407043	0.588029720407043
Ank_2	82	5	15116	949	0.591960253300563	0.591960253300563
Arrestin_C	14	1	15116	949	0.596727224092645	0.596727224092645
Arrestin_N	14	1	15116	949	0.596727224092645	0.596727224092645
CD36	14	1	15116	949	0.596727224092645	0.596727224092645
DSPc	14	1	15116	949	0.596727224092645	0.596727224092645
HA2	14	1	15116	949	0.596727224092645	0.596727224092645
Ank_4	16	1	15116	949	0.645819164762754	0.645819164762754
Propep_M14	16	1	15116	949	0.645819164762754	0.645819164762754
Pkinase_Tyr	53	3	15116	949	0.655054104806746	0.655054104806746
FHA	17	1	15116	949	0.668078609308459	0.668078609308459
GTP_EFTU	17	1	15116	949	0.668078609308459	0.668078609308459
LRR_1	17	1	15116	949	0.668078609308459	0.668078609308459
LSM	17	1	15116	949	0.668078609308459	0.668078609308459
SSF	17	1	15116	949	0.668078609308459	0.668078609308459
Cyclin_N	18	1	15116	949	0.688940480940108	0.688940480940108
SNF2_N	18	1	15116	949	0.688940480940108	0.688940480940108
Tetraspannin	18	1	15116	949	0.688940480940108	0.688940480940108
DEAD	56	3	15116	949	0.691582701630195	0.691582701630195
MADF_DNA_bdg	19	1	15116	949	0.708492440377639	0.708492440377639
SNF	19	1	15116	949	0.708492440377639	0.708492440377639
ABC_membrane	20	1	15116	949	0.72681665539265	0.72681665539265
ANF_receptor	20	1	15116	949	0.72681665539265	0.72681665539265
ELO	20	1	15116	949	0.72681665539265	0.72681665539265
Kinesin	20	1	15116	949	0.72681665539265	0.72681665539265
AMP-binding_C	21	1	15116	949	0.743990144663475	0.743990144663475
Helicase_C	80	4	15116	949	0.747952444045723	0.747952444045723
Guanylate_cyc	22	1	15116	949	0.7600851001265	0.7600851001265
ubiquitin	22	1	15116	949	0.7600851001265	0.7600851001265
Acyl_transf_3	23	1	15116	949	0.775169189167175	0.775169189167175
Ank	23	1	15116	949	0.775169189167175	0.775169189167175
C1_1	23	1	15116	949	0.775169189167175	0.775169189167175
CLIP	23	1	15116	949	0.775169189167175	0.775169189167175
TPR_8	23	1	15116	949	0.775169189167175	0.775169189167175
BACK	24	1	15116	949	0.789305837910324	0.789305837910324
GST_C	24	1	15116	949	0.789305837910324	0.789305837910324
adh_short	46	2	15116	949	0.793679836075057	0.793679836075057
Lig_chan	27	1	15116	949	0.826607246426694	0.826607246426694
LRR_6	27	1	15116	949	0.826607246426694	0.826607246426694
TIL	27	1	15116	949	0.826607246426694	0.826607246426694
zf-C3HC4_3	27	1	15116	949	0.826607246426694	0.826607246426694
Lipase	28	1	15116	949	0.837512523326493	0.837512523326493
F-box-like	29	1	15116	949	0.847732606529248	0.847732606529248
DUF4806	31	1	15116	949	0.866286531302102	0.866286531302102
zf-C2H2_6	56	2	15116	949	0.874608616919266	0.874608616919266
PBP_GOBP	61	2	15116	949	0.903028607960227	0.903028607960227
LRR_8	147	6	15116	949	0.905972121969233	0.905972121969233
Homeobox	86	3	15116	949	0.912895423219937	0.912895423219937
AAA	41	1	15116	949	0.930192776809571	0.930192776809571
zf-met	43	1	15116	949	0.938705403628971	0.938705403628971
EcKinase	45	1	15116	949	0.946180919577111	0.946180919577111
HLH	49	1	15116	949	0.958510213358441	0.958510213358441
WD40	131	4	15116	949	0.968169517973619	0.968169517973619
ABC_tran	55	1	15116	949	0.971920429098089	0.971920429098089
p450	114	3	15116	949	0.977218508409116	0.977218508409116
7tm_6	77	1	15116	949	0.993299506514869	0.993299506514869
zf-C2H2	268	8	15116	949	0.995321777654899	0.995321777654899
CBM_14	101	1	15116	949	0.998599838280152	0.998599838280152
Chitin_bind_4	167	2	15116	949	0.999770301715369	0.999770301715369
Trypsin	337	4	15116	949	0.999999416140458	0.999999416140458
