annot	freq_in_pop	freq_in_int	total_ano_in_pop	total_ano_in_int	pval	pval_adj
CH	25	12	15116	1045	2.50712043581831e-08	2.50712043581831e-08
Spectrin	8	6	15116	1045	2.67109860913497e-06	2.67109860913497e-06
RhoGEF	25	7	15116	1045	0.00117809654097735	0.00117809654097735
7tm_1	81	14	15116	1045	0.0012161263824418	0.0012161263824418
PH	42	9	15116	1045	0.0019480303011329	0.0019480303011329
Neur_chan_memb	21	6	15116	1045	0.00237026556173058	0.00237026556173058
Neur_chan_LBD	28	7	15116	1045	0.00241872391126803	0.00241872391126803
Myosin_tail_1	5	3	15116	1045	0.00296376271385854	0.00296376271385854
SH3_9	23	6	15116	1045	0.00391528735088645	0.00391528735088645
ENTH	2	2	15116	1045	0.00477498217117649	0.00477498217117649
KASH	2	2	15116	1045	0.00477498217117649	0.00477498217117649
Myosin_N	2	2	15116	1045	0.00477498217117649	0.00477498217117649
Ndr	2	2	15116	1045	0.00477498217117649	0.00477498217117649
PRA1	2	2	15116	1045	0.00477498217117649	0.00477498217117649
Pribosyl_synth	2	2	15116	1045	0.00477498217117649	0.00477498217117649
Pribosyltran_N	2	2	15116	1045	0.00477498217117649	0.00477498217117649
Troponin	2	2	15116	1045	0.00477498217117649	0.00477498217117649
IRK	6	3	15116	1045	0.00562322050650108	0.00562322050650108
Ion_trans	41	8	15116	1045	0.00626937861654434	0.00626937861654434
PDZ	59	10	15116	1045	0.006742189697187	0.006742189697187
OS-D	7	3	15116	1045	0.00933730907965416	0.00933730907965416
Biopterin_H	3	2	15116	1045	0.0136659143043807	0.0136659143043807
DUF4749	3	2	15116	1045	0.0136659143043807	0.0136659143043807
Na_K-ATPase	3	2	15116	1045	0.0136659143043807	0.0136659143043807
RBD	3	2	15116	1045	0.0136659143043807	0.0136659143043807
Voltage_CLC	3	2	15116	1045	0.0136659143043807	0.0136659143043807
HGTP_anticodon	8	3	15116	1045	0.0141784314267295	0.0141784314267295
ZZ	8	3	15116	1045	0.0141784314267295	0.0141784314267295
SH2	30	6	15116	1045	0.0152391323315771	0.0152391323315771
Sugar_tr	50	8	15116	1045	0.0203963535141955	0.0203963535141955
BAR	4	2	15116	1045	0.0260819218919726	0.0260819218919726
Cation_ATPase_C	4	2	15116	1045	0.0260819218919726	0.0260819218919726
Cation_ATPase_N	4	2	15116	1045	0.0260819218919726	0.0260819218919726
CRAL_TRIO_2	4	2	15116	1045	0.0260819218919726	0.0260819218919726
DDT	4	2	15116	1045	0.0260819218919726	0.0260819218919726
DM13	4	2	15116	1045	0.0260819218919726	0.0260819218919726
Filamin	4	2	15116	1045	0.0260819218919726	0.0260819218919726
Flavodoxin_1	4	2	15116	1045	0.0260819218919726	0.0260819218919726
Glyco_hydro_47	4	2	15116	1045	0.0260819218919726	0.0260819218919726
RasGAP	4	2	15116	1045	0.0260819218919726	0.0260819218919726
VHS	4	2	15116	1045	0.0260819218919726	0.0260819218919726
WSD	4	2	15116	1045	0.0260819218919726	0.0260819218919726
fn3	43	7	15116	1045	0.0267737790566165	0.0267737790566165
FA_desaturase	10	3	15116	1045	0.027381805639909	0.027381805639909
Pkinase_C	10	3	15116	1045	0.027381805639909	0.027381805639909
Pyr_redox_2	10	3	15116	1045	0.027381805639909	0.027381805639909
UQ_con	26	5	15116	1045	0.0304826265043203	0.0304826265043203
Bromodomain	18	4	15116	1045	0.0318580727811965	0.0318580727811965
EF-hand_7	47	7	15116	1045	0.0412464580919802	0.0412464580919802
CBS	5	2	15116	1045	0.0414940280107152	0.0414940280107152
CTD_bind	5	2	15116	1045	0.0414940280107152	0.0414940280107152
CTP_transf_like	5	2	15116	1045	0.0414940280107152	0.0414940280107152
EB	5	2	15116	1045	0.0414940280107152	0.0414940280107152
Iso_dh	5	2	15116	1045	0.0414940280107152	0.0414940280107152
MATH	5	2	15116	1045	0.0414940280107152	0.0414940280107152
Thioredoxin_6	5	2	15116	1045	0.0414940280107152	0.0414940280107152
TLD	5	2	15116	1045	0.0414940280107152	0.0414940280107152
ZU5	5	2	15116	1045	0.0414940280107152	0.0414940280107152
C2	38	6	15116	1045	0.0444724188562323	0.0444724188562323
Biotin_lipoyl	6	2	15116	1045	0.0594294317628223	0.0594294317628223
CAP_GLY	6	2	15116	1045	0.0594294317628223	0.0594294317628223
Claudin_2	6	2	15116	1045	0.0594294317628223	0.0594294317628223
DDE_Tnp_4	6	2	15116	1045	0.0594294317628223	0.0594294317628223
FAD_binding_1	6	2	15116	1045	0.0594294317628223	0.0594294317628223
G-alpha	6	2	15116	1045	0.0594294317628223	0.0594294317628223
GATA	6	2	15116	1045	0.0594294317628223	0.0594294317628223
GPHH	6	2	15116	1045	0.0594294317628223	0.0594294317628223
His_Phos_1	6	2	15116	1045	0.0594294317628223	0.0594294317628223
Innexin	6	2	15116	1045	0.0594294317628223	0.0594294317628223
MyTH4	6	2	15116	1045	0.0594294317628223	0.0594294317628223
Synaptobrevin	6	2	15116	1045	0.0594294317628223	0.0594294317628223
tRNA-synt_2b	6	2	15116	1045	0.0594294317628223	0.0594294317628223
2-oxogl_dehyd_N	1	1	15116	1045	0.0691320455146864	0.0691320455146864
AAA_2	1	1	15116	1045	0.0691320455146864	0.0691320455146864
Acetyltransf_16	1	1	15116	1045	0.0691320455146864	0.0691320455146864
AIP3	1	1	15116	1045	0.0691320455146864	0.0691320455146864
Ala_racemase_N	1	1	15116	1045	0.0691320455146864	0.0691320455146864
APS_kinase	1	1	15116	1045	0.0691320455146864	0.0691320455146864
Aquarius_N	1	1	15116	1045	0.0691320455146864	0.0691320455146864
Asp	1	1	15116	1045	0.0691320455146864	0.0691320455146864
Asp_Arg_Hydrox	1	1	15116	1045	0.0691320455146864	0.0691320455146864
ATG16	1	1	15116	1045	0.0691320455146864	0.0691320455146864
ATP-sulfurylase	1	1	15116	1045	0.0691320455146864	0.0691320455146864
ATP-synt_ab_Xtn	1	1	15116	1045	0.0691320455146864	0.0691320455146864
B5	1	1	15116	1045	0.0691320455146864	0.0691320455146864
BCDHK_Adom3	1	1	15116	1045	0.0691320455146864	0.0691320455146864
BCL_N	1	1	15116	1045	0.0691320455146864	0.0691320455146864
BET	1	1	15116	1045	0.0691320455146864	0.0691320455146864
BRAP2	1	1	15116	1045	0.0691320455146864	0.0691320455146864
Bravo_FIGEY	1	1	15116	1045	0.0691320455146864	0.0691320455146864
BRD4_CDT	1	1	15116	1045	0.0691320455146864	0.0691320455146864
CAP_C	1	1	15116	1045	0.0691320455146864	0.0691320455146864
CAP_N	1	1	15116	1045	0.0691320455146864	0.0691320455146864
Cbl_N	1	1	15116	1045	0.0691320455146864	0.0691320455146864
Cbl_N2	1	1	15116	1045	0.0691320455146864	0.0691320455146864
Cbl_N3	1	1	15116	1045	0.0691320455146864	0.0691320455146864
CK1gamma_C	1	1	15116	1045	0.0691320455146864	0.0691320455146864
CLIP1_ZNF	1	1	15116	1045	0.0691320455146864	0.0691320455146864
ClpB_D2-small	1	1	15116	1045	0.0691320455146864	0.0691320455146864
COMP	1	1	15116	1045	0.0691320455146864	0.0691320455146864
Coprogen_oxidas	1	1	15116	1045	0.0691320455146864	0.0691320455146864
Coq4	1	1	15116	1045	0.0691320455146864	0.0691320455146864
COQ9	1	1	15116	1045	0.0691320455146864	0.0691320455146864
COX14	1	1	15116	1045	0.0691320455146864	0.0691320455146864
COX4	1	1	15116	1045	0.0691320455146864	0.0691320455146864
CPT_N	1	1	15116	1045	0.0691320455146864	0.0691320455146864
DAG1	1	1	15116	1045	0.0691320455146864	0.0691320455146864
DAGAT	1	1	15116	1045	0.0691320455146864	0.0691320455146864
DBB	1	1	15116	1045	0.0691320455146864	0.0691320455146864
DMAP_binding	1	1	15116	1045	0.0691320455146864	0.0691320455146864
Dna2	1	1	15116	1045	0.0691320455146864	0.0691320455146864
DUF1136	1	1	15116	1045	0.0691320455146864	0.0691320455146864
DUF2181	1	1	15116	1045	0.0691320455146864	0.0691320455146864
DUF2615	1	1	15116	1045	0.0691320455146864	0.0691320455146864
DUF3498	1	1	15116	1045	0.0691320455146864	0.0691320455146864
DUF3513	1	1	15116	1045	0.0691320455146864	0.0691320455146864
DUF3591	1	1	15116	1045	0.0691320455146864	0.0691320455146864
DUF4757	1	1	15116	1045	0.0691320455146864	0.0691320455146864
DUF4808	1	1	15116	1045	0.0691320455146864	0.0691320455146864
DUF758	1	1	15116	1045	0.0691320455146864	0.0691320455146864
EF-hand_3	1	1	15116	1045	0.0691320455146864	0.0691320455146864
Erg28	1	1	15116	1045	0.0691320455146864	0.0691320455146864
F_actin_cap_B	1	1	15116	1045	0.0691320455146864	0.0691320455146864
FAM177	1	1	15116	1045	0.0691320455146864	0.0691320455146864
FAM76	1	1	15116	1045	0.0691320455146864	0.0691320455146864
Far-17a_AIG1	1	1	15116	1045	0.0691320455146864	0.0691320455146864
Fer2_4	1	1	15116	1045	0.0691320455146864	0.0691320455146864
Fer4_21	1	1	15116	1045	0.0691320455146864	0.0691320455146864
Fuseless	1	1	15116	1045	0.0691320455146864	0.0691320455146864
GDE_C	1	1	15116	1045	0.0691320455146864	0.0691320455146864
Glyco_transf_41	1	1	15116	1045	0.0691320455146864	0.0691320455146864
GMP_synt_C	1	1	15116	1045	0.0691320455146864	0.0691320455146864
GSH_synth_ATP	1	1	15116	1045	0.0691320455146864	0.0691320455146864
GSH_synthase	1	1	15116	1045	0.0691320455146864	0.0691320455146864
GTP_cyclohydroI	1	1	15116	1045	0.0691320455146864	0.0691320455146864
HAGH_C	1	1	15116	1045	0.0691320455146864	0.0691320455146864
hDGE_amylase	1	1	15116	1045	0.0691320455146864	0.0691320455146864
Headcase	1	1	15116	1045	0.0691320455146864	0.0691320455146864
HECA	1	1	15116	1045	0.0691320455146864	0.0691320455146864
hGDE_central	1	1	15116	1045	0.0691320455146864	0.0691320455146864
hGDE_N	1	1	15116	1045	0.0691320455146864	0.0691320455146864
HOIP-UBA	1	1	15116	1045	0.0691320455146864	0.0691320455146864
Hrs_helical	1	1	15116	1045	0.0691320455146864	0.0691320455146864
HS1_rep	1	1	15116	1045	0.0691320455146864	0.0691320455146864
HUN	1	1	15116	1045	0.0691320455146864	0.0691320455146864
Ints3	1	1	15116	1045	0.0691320455146864	0.0691320455146864
Ion_trans_N	1	1	15116	1045	0.0691320455146864	0.0691320455146864
Jiraiya	1	1	15116	1045	0.0691320455146864	0.0691320455146864
JUPITER	1	1	15116	1045	0.0691320455146864	0.0691320455146864
KRAP_IP3R_bind	1	1	15116	1045	0.0691320455146864	0.0691320455146864
Ldh_2	1	1	15116	1045	0.0691320455146864	0.0691320455146864
LURAP	1	1	15116	1045	0.0691320455146864	0.0691320455146864
MAP7	1	1	15116	1045	0.0691320455146864	0.0691320455146864
MBD_C	1	1	15116	1045	0.0691320455146864	0.0691320455146864
MBDa	1	1	15116	1045	0.0691320455146864	0.0691320455146864
Med13_C	1	1	15116	1045	0.0691320455146864	0.0691320455146864
Med13_N	1	1	15116	1045	0.0691320455146864	0.0691320455146864
Med31	1	1	15116	1045	0.0691320455146864	0.0691320455146864
Methyltransf_5	1	1	15116	1045	0.0691320455146864	0.0691320455146864
MgtE	1	1	15116	1045	0.0691320455146864	0.0691320455146864
Milton	1	1	15116	1045	0.0691320455146864	0.0691320455146864
MIT_C	1	1	15116	1045	0.0691320455146864	0.0691320455146864
Mitofilin	1	1	15116	1045	0.0691320455146864	0.0691320455146864
Molybdopterin	1	1	15116	1045	0.0691320455146864	0.0691320455146864
N_BRCA1_IG	1	1	15116	1045	0.0691320455146864	0.0691320455146864
Na_trans_assoc	1	1	15116	1045	0.0691320455146864	0.0691320455146864
Na_trans_cytopl	1	1	15116	1045	0.0691320455146864	0.0691320455146864
NAD_Gly3P_dh_C	1	1	15116	1045	0.0691320455146864	0.0691320455146864
NAD_Gly3P_dh_N	1	1	15116	1045	0.0691320455146864	0.0691320455146864
NADH_dhqG_C	1	1	15116	1045	0.0691320455146864	0.0691320455146864
NADH-G_4Fe-4S_3	1	1	15116	1045	0.0691320455146864	0.0691320455146864
NCD1	1	1	15116	1045	0.0691320455146864	0.0691320455146864
NCD2	1	1	15116	1045	0.0691320455146864	0.0691320455146864
Neogenin_C	1	1	15116	1045	0.0691320455146864	0.0691320455146864
NKAIN	1	1	15116	1045	0.0691320455146864	0.0691320455146864
Nop52	1	1	15116	1045	0.0691320455146864	0.0691320455146864
NOPS	1	1	15116	1045	0.0691320455146864	0.0691320455146864
Nuc_deoxyri_tr2	1	1	15116	1045	0.0691320455146864	0.0691320455146864
NUDIX_2	1	1	15116	1045	0.0691320455146864	0.0691320455146864
Orai-1	1	1	15116	1045	0.0691320455146864	0.0691320455146864
OSK	1	1	15116	1045	0.0691320455146864	0.0691320455146864
p25-alpha	1	1	15116	1045	0.0691320455146864	0.0691320455146864
Pacs-1	1	1	15116	1045	0.0691320455146864	0.0691320455146864
PAH	1	1	15116	1045	0.0691320455146864	0.0691320455146864
PCMT	1	1	15116	1045	0.0691320455146864	0.0691320455146864
PEPCK_C	1	1	15116	1045	0.0691320455146864	0.0691320455146864
PEPCK_N	1	1	15116	1045	0.0691320455146864	0.0691320455146864
Peptidase_S51	1	1	15116	1045	0.0691320455146864	0.0691320455146864
Pex19	1	1	15116	1045	0.0691320455146864	0.0691320455146864
PHAT	1	1	15116	1045	0.0691320455146864	0.0691320455146864
PHO4	1	1	15116	1045	0.0691320455146864	0.0691320455146864
PIG-L	1	1	15116	1045	0.0691320455146864	0.0691320455146864
PIG-P	1	1	15116	1045	0.0691320455146864	0.0691320455146864
PIG-S	1	1	15116	1045	0.0691320455146864	0.0691320455146864
PKI	1	1	15116	1045	0.0691320455146864	0.0691320455146864
PP1_inhibitor	1	1	15116	1045	0.0691320455146864	0.0691320455146864
PRKG1_interact	1	1	15116	1045	0.0691320455146864	0.0691320455146864
Prok-RING_4	1	1	15116	1045	0.0691320455146864	0.0691320455146864
PS_Dcarbxylase	1	1	15116	1045	0.0691320455146864	0.0691320455146864
PTB	1	1	15116	1045	0.0691320455146864	0.0691320455146864
PUA_2	1	1	15116	1045	0.0691320455146864	0.0691320455146864
PUF	1	1	15116	1045	0.0691320455146864	0.0691320455146864
Put_Phosphatase	1	1	15116	1045	0.0691320455146864	0.0691320455146864
PYC_OADA	1	1	15116	1045	0.0691320455146864	0.0691320455146864
Pyrophosphatase	1	1	15116	1045	0.0691320455146864	0.0691320455146864
RBFA	1	1	15116	1045	0.0691320455146864	0.0691320455146864
Reprolysin_2	1	1	15116	1045	0.0691320455146864	0.0691320455146864
Rer1	1	1	15116	1045	0.0691320455146864	0.0691320455146864
Reticulon	1	1	15116	1045	0.0691320455146864	0.0691320455146864
Rgp1	1	1	15116	1045	0.0691320455146864	0.0691320455146864
RNA_GG_bind	1	1	15116	1045	0.0691320455146864	0.0691320455146864
RsfS	1	1	15116	1045	0.0691320455146864	0.0691320455146864
Rubis-subs-bind	1	1	15116	1045	0.0691320455146864	0.0691320455146864
Secretogranin_V	1	1	15116	1045	0.0691320455146864	0.0691320455146864
Seipin	1	1	15116	1045	0.0691320455146864	0.0691320455146864
SelR	1	1	15116	1045	0.0691320455146864	0.0691320455146864
Serine_rich	1	1	15116	1045	0.0691320455146864	0.0691320455146864
SH3BGR	1	1	15116	1045	0.0691320455146864	0.0691320455146864
SHMT	1	1	15116	1045	0.0691320455146864	0.0691320455146864
Sin3_corepress	1	1	15116	1045	0.0691320455146864	0.0691320455146864
Sin3a_C	1	1	15116	1045	0.0691320455146864	0.0691320455146864
SMAP	1	1	15116	1045	0.0691320455146864	0.0691320455146864
SMP_LBD	1	1	15116	1045	0.0691320455146864	0.0691320455146864
SNase	1	1	15116	1045	0.0691320455146864	0.0691320455146864
Sod_Fe_C	1	1	15116	1045	0.0691320455146864	0.0691320455146864
Sod_Fe_N	1	1	15116	1045	0.0691320455146864	0.0691320455146864
Synaphin	1	1	15116	1045	0.0691320455146864	0.0691320455146864
Synapsin	1	1	15116	1045	0.0691320455146864	0.0691320455146864
Synapsin_C	1	1	15116	1045	0.0691320455146864	0.0691320455146864
TBP-binding	1	1	15116	1045	0.0691320455146864	0.0691320455146864
Telomere_reg-2	1	1	15116	1045	0.0691320455146864	0.0691320455146864
Thymosin	1	1	15116	1045	0.0691320455146864	0.0691320455146864
Tox-SGS	1	1	15116	1045	0.0691320455146864	0.0691320455146864
TRIC	1	1	15116	1045	0.0691320455146864	0.0691320455146864
Tropomodulin	1	1	15116	1045	0.0691320455146864	0.0691320455146864
Tsg	1	1	15116	1045	0.0691320455146864	0.0691320455146864
TSP_3	1	1	15116	1045	0.0691320455146864	0.0691320455146864
TSP_C	1	1	15116	1045	0.0691320455146864	0.0691320455146864
UBN_AB	1	1	15116	1045	0.0691320455146864	0.0691320455146864
UcrQ	1	1	15116	1045	0.0691320455146864	0.0691320455146864
UNC80	1	1	15116	1045	0.0691320455146864	0.0691320455146864
Vps55	1	1	15116	1045	0.0691320455146864	0.0691320455146864
zf-CCHC_6	1	1	15116	1045	0.0691320455146864	0.0691320455146864
zinc_ribbon_10	1	1	15116	1045	0.0691320455146864	0.0691320455146864
RabGAP-TBC	23	4	15116	1045	0.0702882869700527	0.0702882869700527
Pkinase	157	16	15116	1045	0.0764732192401409	0.0764732192401409
Amidase_2	7	2	15116	1045	0.0794662808360895	0.0794662808360895
SOCS_box	7	2	15116	1045	0.0794662808360895	0.0794662808360895
Myosin_head	15	3	15116	1045	0.0803530931388566	0.0803530931388566
7tm_7	55	7	15116	1045	0.083308699813293	0.083308699813293
Y_phosphatase	16	3	15116	1045	0.0940167048592176	0.0940167048592176
adh_short	46	6	15116	1045	0.0953956079752232	0.0953956079752232
Ras	57	7	15116	1045	0.0966426119694119	0.0966426119694119
I-set	91	10	15116	1045	0.0970790454922912	0.0970790454922912
AAA_11	8	2	15116	1045	0.101228897305876	0.101228897305876
AAA_12	8	2	15116	1045	0.101228897305876	0.101228897305876
Cation_ATPase	8	2	15116	1045	0.101228897305876	0.101228897305876
HTH_psq	8	2	15116	1045	0.101228897305876	0.101228897305876
PDEase_I	8	2	15116	1045	0.101228897305876	0.101228897305876
zf-UBP	8	2	15116	1045	0.101228897305876	0.101228897305876
BTB	69	8	15116	1045	0.10237959685866	0.10237959685866
PX	18	3	15116	1045	0.123894006622243	0.123894006622243
SAM_1	18	3	15116	1045	0.123894006622243	0.123894006622243
Serpin	18	3	15116	1045	0.123894006622243	0.123894006622243
Tetraspannin	18	3	15116	1045	0.123894006622243	0.123894006622243
Guanylate_kin	9	2	15116	1045	0.124383419084124	0.124383419084124
Kazal_2	9	2	15116	1045	0.124383419084124	0.124383419084124
Myb_DNA-binding	9	2	15116	1045	0.124383419084124	0.124383419084124
NAD_binding_1	9	2	15116	1045	0.124383419084124	0.124383419084124
Sushi	9	2	15116	1045	0.124383419084124	0.124383419084124
14-3-3	2	1	15116	1045	0.133489108858197	0.133489108858197
5_nucleotid	2	1	15116	1045	0.133489108858197	0.133489108858197
Aconitase	2	1	15116	1045	0.133489108858197	0.133489108858197
Aconitase_C	2	1	15116	1045	0.133489108858197	0.133489108858197
ACT	2	1	15116	1045	0.133489108858197	0.133489108858197
Aldolase_II	2	1	15116	1045	0.133489108858197	0.133489108858197
Anoct_dimer	2	1	15116	1045	0.133489108858197	0.133489108858197
ANTH	2	1	15116	1045	0.133489108858197	0.133489108858197
ASD2	2	1	15116	1045	0.133489108858197	0.133489108858197
B12D	2	1	15116	1045	0.133489108858197	0.133489108858197
B3_4	2	1	15116	1045	0.133489108858197	0.133489108858197
B56	2	1	15116	1045	0.133489108858197	0.133489108858197
BK_channel_a	2	1	15116	1045	0.133489108858197	0.133489108858197
BTK	2	1	15116	1045	0.133489108858197	0.133489108858197
Cast	2	1	15116	1045	0.133489108858197	0.133489108858197
CBM_21	2	1	15116	1045	0.133489108858197	0.133489108858197
CEBP_ZZ	2	1	15116	1045	0.133489108858197	0.133489108858197
CIDE-N	2	1	15116	1045	0.133489108858197	0.133489108858197
COPIIcoated_ERV	2	1	15116	1045	0.133489108858197	0.133489108858197
CP2	2	1	15116	1045	0.133489108858197	0.133489108858197
CUT	2	1	15116	1045	0.133489108858197	0.133489108858197
DHO_dh	2	1	15116	1045	0.133489108858197	0.133489108858197
DOCK_N	2	1	15116	1045	0.133489108858197	0.133489108858197
Dynamin_M	2	1	15116	1045	0.133489108858197	0.133489108858197
DZF	2	1	15116	1045	0.133489108858197	0.133489108858197
EB1	2	1	15116	1045	0.133489108858197	0.133489108858197
EFhand_Ca_insen	2	1	15116	1045	0.133489108858197	0.133489108858197
EHD_N	2	1	15116	1045	0.133489108858197	0.133489108858197
ELFV_dehydrog	2	1	15116	1045	0.133489108858197	0.133489108858197
ELFV_dehydrog_N	2	1	15116	1045	0.133489108858197	0.133489108858197
ERGIC_N	2	1	15116	1045	0.133489108858197	0.133489108858197
Fer4_20	2	1	15116	1045	0.133489108858197	0.133489108858197
GAS2	2	1	15116	1045	0.133489108858197	0.133489108858197
GATase_6	2	1	15116	1045	0.133489108858197	0.133489108858197
GED	2	1	15116	1045	0.133489108858197	0.133489108858197
Gln-synt_C	2	1	15116	1045	0.133489108858197	0.133489108858197
Gln-synt_N	2	1	15116	1045	0.133489108858197	0.133489108858197
Glucosamine_iso	2	1	15116	1045	0.133489108858197	0.133489108858197
Glyco_hydro_15	2	1	15116	1045	0.133489108858197	0.133489108858197
Glypican	2	1	15116	1045	0.133489108858197	0.133489108858197
HAP1_N	2	1	15116	1045	0.133489108858197	0.133489108858197
HMGL-like	2	1	15116	1045	0.133489108858197	0.133489108858197
HR1	2	1	15116	1045	0.133489108858197	0.133489108858197
HSA	2	1	15116	1045	0.133489108858197	0.133489108858197
Hydrolase_3	2	1	15116	1045	0.133489108858197	0.133489108858197
I_LWEQ	2	1	15116	1045	0.133489108858197	0.133489108858197
IF4E	2	1	15116	1045	0.133489108858197	0.133489108858197
IFRD	2	1	15116	1045	0.133489108858197	0.133489108858197
IFRD_C	2	1	15116	1045	0.133489108858197	0.133489108858197
KA1	2	1	15116	1045	0.133489108858197	0.133489108858197
KCNQ_channel	2	1	15116	1045	0.133489108858197	0.133489108858197
Ku	2	1	15116	1045	0.133489108858197	0.133489108858197
Ku_C	2	1	15116	1045	0.133489108858197	0.133489108858197
Ku_N	2	1	15116	1045	0.133489108858197	0.133489108858197
LETM1	2	1	15116	1045	0.133489108858197	0.133489108858197
LLGL	2	1	15116	1045	0.133489108858197	0.133489108858197
LUC7	2	1	15116	1045	0.133489108858197	0.133489108858197
Lung_7-TM_R	2	1	15116	1045	0.133489108858197	0.133489108858197
Macro	2	1	15116	1045	0.133489108858197	0.133489108858197
MaoC_dehydratas	2	1	15116	1045	0.133489108858197	0.133489108858197
Myofilin	2	1	15116	1045	0.133489108858197	0.133489108858197
NAD_synthase	2	1	15116	1045	0.133489108858197	0.133489108858197
NO_synthase	2	1	15116	1045	0.133489108858197	0.133489108858197
OxoGdeHyase_C	2	1	15116	1045	0.133489108858197	0.133489108858197
P53	2	1	15116	1045	0.133489108858197	0.133489108858197
PAP2_C	2	1	15116	1045	0.133489108858197	0.133489108858197
Prenyltransf	2	1	15116	1045	0.133489108858197	0.133489108858197
PRK	2	1	15116	1045	0.133489108858197	0.133489108858197
Pyr_redox_dim	2	1	15116	1045	0.133489108858197	0.133489108858197
RBD-FIP	2	1	15116	1045	0.133489108858197	0.133489108858197
Ribosomal_L22	2	1	15116	1045	0.133489108858197	0.133489108858197
RRM_7	2	1	15116	1045	0.133489108858197	0.133489108858197
S-AdoMet_synt_C	2	1	15116	1045	0.133489108858197	0.133489108858197
S-AdoMet_synt_M	2	1	15116	1045	0.133489108858197	0.133489108858197
S-AdoMet_synt_N	2	1	15116	1045	0.133489108858197	0.133489108858197
SBF2	2	1	15116	1045	0.133489108858197	0.133489108858197
SNARE_assoc	2	1	15116	1045	0.133489108858197	0.133489108858197
STPPase_N	2	1	15116	1045	0.133489108858197	0.133489108858197
Sulfotransfer_3	2	1	15116	1045	0.133489108858197	0.133489108858197
TB2_DP1_HVA22	2	1	15116	1045	0.133489108858197	0.133489108858197
THF_DHG_CYH	2	1	15116	1045	0.133489108858197	0.133489108858197
THF_DHG_CYH_C	2	1	15116	1045	0.133489108858197	0.133489108858197
Tox-GHH	2	1	15116	1045	0.133489108858197	0.133489108858197
Tropomyosin	2	1	15116	1045	0.133489108858197	0.133489108858197
Trypsin_2	2	1	15116	1045	0.133489108858197	0.133489108858197
UDPGP	2	1	15116	1045	0.133489108858197	0.133489108858197
WHIM1	2	1	15116	1045	0.133489108858197	0.133489108858197
zf-Di19	2	1	15116	1045	0.133489108858197	0.133489108858197
zf-rbx1	2	1	15116	1045	0.133489108858197	0.133489108858197
IQ	19	3	15116	1045	0.139959757293728	0.139959757293728
RRM_1	127	12	15116	1045	0.167827912948816	0.167827912948816
E1-E2_ATPase	11	2	15116	1045	0.173718293844806	0.173718293844806
EF-hand_8	11	2	15116	1045	0.173718293844806	0.173718293844806
Peptidase_C1	11	2	15116	1045	0.173718293844806	0.173718293844806
SH3_2	11	2	15116	1045	0.173718293844806	0.173718293844806
FERM_M	22	3	15116	1045	0.19176087769713	0.19176087769713
2-oxoacid_dh	3	1	15116	1045	0.193400706135105	0.193400706135105
ATP-synt_Eps	3	1	15116	1045	0.193400706135105	0.193400706135105
Band_3_cyto	3	1	15116	1045	0.193400706135105	0.193400706135105
Biotin_carb_C	3	1	15116	1045	0.193400706135105	0.193400706135105
Biotin_carb_N	3	1	15116	1045	0.193400706135105	0.193400706135105
BSD	3	1	15116	1045	0.193400706135105	0.193400706135105
bZIP_Maf	3	1	15116	1045	0.193400706135105	0.193400706135105
CarboxypepD_reg	3	1	15116	1045	0.193400706135105	0.193400706135105
CBF	3	1	15116	1045	0.193400706135105	0.193400706135105
DNA_pol_E_B	3	1	15116	1045	0.193400706135105	0.193400706135105
DUF1126	3	1	15116	1045	0.193400706135105	0.193400706135105
DUF1899	3	1	15116	1045	0.193400706135105	0.193400706135105
DUF229	3	1	15116	1045	0.193400706135105	0.193400706135105
DUF3456	3	1	15116	1045	0.193400706135105	0.193400706135105
DUF3585	3	1	15116	1045	0.193400706135105	0.193400706135105
EF-hand_2	3	1	15116	1045	0.193400706135105	0.193400706135105
GalKase_gal_bdg	3	1	15116	1045	0.193400706135105	0.193400706135105
GATase	3	1	15116	1045	0.193400706135105	0.193400706135105
Glyco_transf_8	3	1	15116	1045	0.193400706135105	0.193400706135105
GSHPx	3	1	15116	1045	0.193400706135105	0.193400706135105
HAD_2	3	1	15116	1045	0.193400706135105	0.193400706135105
HCO3_cotransp	3	1	15116	1045	0.193400706135105	0.193400706135105
Hemopexin	3	1	15116	1045	0.193400706135105	0.193400706135105
Ldh_1_C	3	1	15116	1045	0.193400706135105	0.193400706135105
Ldh_1_N	3	1	15116	1045	0.193400706135105	0.193400706135105
LysM	3	1	15116	1045	0.193400706135105	0.193400706135105
Neuralized	3	1	15116	1045	0.193400706135105	0.193400706135105
P_proprotein	3	1	15116	1045	0.193400706135105	0.193400706135105
PALP	3	1	15116	1045	0.193400706135105	0.193400706135105
PDZ_2	3	1	15116	1045	0.193400706135105	0.193400706135105
Peptidase_M10	3	1	15116	1045	0.193400706135105	0.193400706135105
PG_binding_1	3	1	15116	1045	0.193400706135105	0.193400706135105
PH_9	3	1	15116	1045	0.193400706135105	0.193400706135105
Phosducin	3	1	15116	1045	0.193400706135105	0.193400706135105
PITH	3	1	15116	1045	0.193400706135105	0.193400706135105
PRELI	3	1	15116	1045	0.193400706135105	0.193400706135105
PTEN_C2	3	1	15116	1045	0.193400706135105	0.193400706135105
RFX_DNA_binding	3	1	15116	1045	0.193400706135105	0.193400706135105
Rieske	3	1	15116	1045	0.193400706135105	0.193400706135105
S8_pro-domain	3	1	15116	1045	0.193400706135105	0.193400706135105
Sacchrp_dh_NADP	3	1	15116	1045	0.193400706135105	0.193400706135105
Scramblase	3	1	15116	1045	0.193400706135105	0.193400706135105
SDF	3	1	15116	1045	0.193400706135105	0.193400706135105
SPARC_Ca_bdg	3	1	15116	1045	0.193400706135105	0.193400706135105
SVWC	3	1	15116	1045	0.193400706135105	0.193400706135105
TGFb_propeptide	3	1	15116	1045	0.193400706135105	0.193400706135105
TGS	3	1	15116	1045	0.193400706135105	0.193400706135105
tRNA-synt_His	3	1	15116	1045	0.193400706135105	0.193400706135105
UbiA	3	1	15116	1045	0.193400706135105	0.193400706135105
UNC-93	3	1	15116	1045	0.193400706135105	0.193400706135105
VHP	3	1	15116	1045	0.193400706135105	0.193400706135105
WD40_4	3	1	15116	1045	0.193400706135105	0.193400706135105
WHEP-TRS	3	1	15116	1045	0.193400706135105	0.193400706135105
zf-A20	3	1	15116	1045	0.193400706135105	0.193400706135105
zf-CCHH	3	1	15116	1045	0.193400706135105	0.193400706135105
DOMON	12	2	15116	1045	0.199405921815923	0.199405921815923
SPRY	12	2	15116	1045	0.199405921815923	0.199405921815923
Arf	13	2	15116	1045	0.225493682089074	0.225493682089074
Lig_chan-Glu_bd	13	2	15116	1045	0.225493682089074	0.225493682089074
RA	13	2	15116	1045	0.225493682089074	0.225493682089074
2OG-FeII_Oxy_2	4	1	15116	1045	0.249173634216148	0.249173634216148
ADH_zinc_N_2	4	1	15116	1045	0.249173634216148	0.249173634216148
Anoctamin	4	1	15116	1045	0.249173634216148	0.249173634216148
ATP-gua_Ptrans	4	1	15116	1045	0.249173634216148	0.249173634216148
ATP-gua_PtransN	4	1	15116	1045	0.249173634216148	0.249173634216148
Ca_chan_IQ	4	1	15116	1045	0.249173634216148	0.249173634216148
Calponin	4	1	15116	1045	0.249173634216148	0.249173634216148
CLASP_N	4	1	15116	1045	0.249173634216148	0.249173634216148
CPSase_L_D2	4	1	15116	1045	0.249173634216148	0.249173634216148
DHR-2	4	1	15116	1045	0.249173634216148	0.249173634216148
DOCK-C2	4	1	15116	1045	0.249173634216148	0.249173634216148
Dus	4	1	15116	1045	0.249173634216148	0.249173634216148
EF-hand_4	4	1	15116	1045	0.249173634216148	0.249173634216148
Flot	4	1	15116	1045	0.249173634216148	0.249173634216148
HNOB	4	1	15116	1045	0.249173634216148	0.249173634216148
Lactamase_B	4	1	15116	1045	0.249173634216148	0.249173634216148
MBD	4	1	15116	1045	0.249173634216148	0.249173634216148
MORN	4	1	15116	1045	0.249173634216148	0.249173634216148
PAN_1	4	1	15116	1045	0.249173634216148	0.249173634216148
PNP_UDP_1	4	1	15116	1045	0.249173634216148	0.249173634216148
Pou	4	1	15116	1045	0.249173634216148	0.249173634216148
SGL	4	1	15116	1045	0.249173634216148	0.249173634216148
SIR2	4	1	15116	1045	0.249173634216148	0.249173634216148
tRNA_SAD	4	1	15116	1045	0.249173634216148	0.249173634216148
V_ATPase_I	4	1	15116	1045	0.249173634216148	0.249173634216148
W2	4	1	15116	1045	0.249173634216148	0.249173634216148
WAP	4	1	15116	1045	0.249173634216148	0.249173634216148
zf-AN1	4	1	15116	1045	0.249173634216148	0.249173634216148
DSPc	14	2	15116	1045	0.251803691263448	0.251803691263448
FYVE	14	2	15116	1045	0.251803691263448	0.251803691263448
HECT	14	2	15116	1045	0.251803691263448	0.251803691263448
AMP-binding	26	3	15116	1045	0.266521016838305	0.266521016838305
SH3_1	26	3	15116	1045	0.266521016838305	0.266521016838305
MFS_1	63	6	15116	1045	0.268295014952816	0.268295014952816
A_deaminase	5	1	15116	1045	0.301093535767506	0.301093535767506
Amidohydro_1	5	1	15116	1045	0.301093535767506	0.301093535767506
Aminotran_5	5	1	15116	1045	0.301093535767506	0.301093535767506
ATP-synt_ab	5	1	15116	1045	0.301093535767506	0.301093535767506
ATP-synt_ab_N	5	1	15116	1045	0.301093535767506	0.301093535767506
BAH	5	1	15116	1045	0.301093535767506	0.301093535767506
Carn_acyltransf	5	1	15116	1045	0.301093535767506	0.301093535767506
CLTH	5	1	15116	1045	0.301093535767506	0.301093535767506
DNA_pol_A_exo1	5	1	15116	1045	0.301093535767506	0.301093535767506
Dynamin_N	5	1	15116	1045	0.301093535767506	0.301093535767506
EGF_2	5	1	15116	1045	0.301093535767506	0.301093535767506
Epimerase	5	1	15116	1045	0.301093535767506	0.301093535767506
F5_F8_type_C	5	1	15116	1045	0.301093535767506	0.301093535767506
FA	5	1	15116	1045	0.301093535767506	0.301093535767506
Frizzled	5	1	15116	1045	0.301093535767506	0.301093535767506
Glyco_hydro_31	5	1	15116	1045	0.301093535767506	0.301093535767506
GST_C_3	5	1	15116	1045	0.301093535767506	0.301093535767506
Hist_deacetyl	5	1	15116	1045	0.301093535767506	0.301093535767506
Inhibitor_I29	5	1	15116	1045	0.301093535767506	0.301093535767506
IRS	5	1	15116	1045	0.301093535767506	0.301093535767506
La	5	1	15116	1045	0.301093535767506	0.301093535767506
LisH	5	1	15116	1045	0.301093535767506	0.301093535767506
MIT	5	1	15116	1045	0.301093535767506	0.301093535767506
Na_H_Exchanger	5	1	15116	1045	0.301093535767506	0.301093535767506
Peptidase_S8	5	1	15116	1045	0.301093535767506	0.301093535767506
RINGv	5	1	15116	1045	0.301093535767506	0.301093535767506
Sec7	5	1	15116	1045	0.301093535767506	0.301093535767506
TPR_10	5	1	15116	1045	0.301093535767506	0.301093535767506
Transket_pyr	5	1	15116	1045	0.301093535767506	0.301093535767506
UBA_4	5	1	15116	1045	0.301093535767506	0.301093535767506
Aa_trans	16	2	15116	1045	0.304489849431013	0.304489849431013
Ank_4	16	2	15116	1045	0.304489849431013	0.304489849431013
GST_N_3	29	3	15116	1045	0.324545537156644	0.324545537156644
Acyltransferase	17	2	15116	1045	0.330614538113094	0.330614538113094
cNMP_binding	17	2	15116	1045	0.330614538113094	0.330614538113094
GTP_EFTU	17	2	15116	1045	0.330614538113094	0.330614538113094
DEAD	56	5	15116	1045	0.344980403916361	0.344980403916361
2-Hacid_dh	6	1	15116	1045	0.349426356568443	0.349426356568443
2-Hacid_dh_C	6	1	15116	1045	0.349426356568443	0.349426356568443
Amidase	6	1	15116	1045	0.349426356568443	0.349426356568443
Cation_efflux	6	1	15116	1045	0.349426356568443	0.349426356568443
CNH	6	1	15116	1045	0.349426356568443	0.349426356568443
Cu-oxidase	6	1	15116	1045	0.349426356568443	0.349426356568443
Cu-oxidase_2	6	1	15116	1045	0.349426356568443	0.349426356568443
Cu-oxidase_3	6	1	15116	1045	0.349426356568443	0.349426356568443
Cullin	6	1	15116	1045	0.349426356568443	0.349426356568443
Cullin_Nedd8	6	1	15116	1045	0.349426356568443	0.349426356568443
E1_dh	6	1	15116	1045	0.349426356568443	0.349426356568443
EF-hand_6	6	1	15116	1045	0.349426356568443	0.349426356568443
EMP24_GP25L	6	1	15116	1045	0.349426356568443	0.349426356568443
GHMP_kinases_C	6	1	15116	1045	0.349426356568443	0.349426356568443
GHMP_kinases_N	6	1	15116	1045	0.349426356568443	0.349426356568443
GST_C_2	6	1	15116	1045	0.349426356568443	0.349426356568443
GTP_EFTU_D3	6	1	15116	1045	0.349426356568443	0.349426356568443
HATPase_c	6	1	15116	1045	0.349426356568443	0.349426356568443
HNOBA	6	1	15116	1045	0.349426356568443	0.349426356568443
Homeobox_KN	6	1	15116	1045	0.349426356568443	0.349426356568443
Hydrolase_6	6	1	15116	1045	0.349426356568443	0.349426356568443
Hydrolase_like	6	1	15116	1045	0.349426356568443	0.349426356568443
IBR	6	1	15116	1045	0.349426356568443	0.349426356568443
Laminin_B	6	1	15116	1045	0.349426356568443	0.349426356568443
Laminin_N	6	1	15116	1045	0.349426356568443	0.349426356568443
Pep_M12B_propep	6	1	15116	1045	0.349426356568443	0.349426356568443
Phospholip_A2_2	6	1	15116	1045	0.349426356568443	0.349426356568443
RasGEF_N	6	1	15116	1045	0.349426356568443	0.349426356568443
RUN	6	1	15116	1045	0.349426356568443	0.349426356568443
TGF_beta	6	1	15116	1045	0.349426356568443	0.349426356568443
Thyroglobulin_1	6	1	15116	1045	0.349426356568443	0.349426356568443
LIM	32	3	15116	1045	0.382572494897321	0.382572494897321
ARID	7	1	15116	1045	0.394419702523835	0.394419702523835
bZIP_1	7	1	15116	1045	0.394419702523835	0.394419702523835
Death	7	1	15116	1045	0.394419702523835	0.394419702523835
Disintegrin	7	1	15116	1045	0.394419702523835	0.394419702523835
ELM2	7	1	15116	1045	0.394419702523835	0.394419702523835
His_Phos_2	7	1	15116	1045	0.394419702523835	0.394419702523835
OATP	7	1	15116	1045	0.394419702523835	0.394419702523835
PWWP	7	1	15116	1045	0.394419702523835	0.394419702523835
Sulfatase	7	1	15116	1045	0.394419702523835	0.394419702523835
ANF_receptor	20	2	15116	1045	0.406952176393426	0.406952176393426
KH_1	20	2	15116	1045	0.406952176393426	0.406952176393426
Hormone_recep	21	2	15116	1045	0.431476813080357	0.431476813080357
Annexin	8	1	15116	1045	0.436304103269258	0.436304103269258
Band_7	8	1	15116	1045	0.436304103269258	0.436304103269258
ECH_1	8	1	15116	1045	0.436304103269258	0.436304103269258
Ets	8	1	15116	1045	0.436304103269258	0.436304103269258
FA_hydroxylase	8	1	15116	1045	0.436304103269258	0.436304103269258
FCH	8	1	15116	1045	0.436304103269258	0.436304103269258
HSP20	8	1	15116	1045	0.436304103269258	0.436304103269258
Rhodanese	8	1	15116	1045	0.436304103269258	0.436304103269258
zf-B_box	8	1	15116	1045	0.436304103269258	0.436304103269258
zf-RanBP	8	1	15116	1045	0.436304103269258	0.436304103269258
EGF_CA	22	2	15116	1045	0.455448406618679	0.455448406618679
Thioredoxin	22	2	15116	1045	0.455448406618679	0.455448406618679
zf-C4	22	2	15116	1045	0.455448406618679	0.455448406618679
Mito_carr	36	3	15116	1045	0.457913759473664	0.457913759473664
ArfGap	9	1	15116	1045	0.4752941887924	0.4752941887924
CBFD_NFYB_HMF	9	1	15116	1045	0.4752941887924	0.4752941887924
Cyclin_C	9	1	15116	1045	0.4752941887924	0.4752941887924
DAO	9	1	15116	1045	0.4752941887924	0.4752941887924
DnaJ_C	9	1	15116	1045	0.4752941887924	0.4752941887924
Fz	9	1	15116	1045	0.4752941887924	0.4752941887924
LRR_9	9	1	15116	1045	0.4752941887924	0.4752941887924
MIF4G	9	1	15116	1045	0.4752941887924	0.4752941887924
Mpv17_PMP22	9	1	15116	1045	0.4752941887924	0.4752941887924
Peptidase_C2	9	1	15116	1045	0.4752941887924	0.4752941887924
SAM_2	9	1	15116	1045	0.4752941887924	0.4752941887924
UBA	9	1	15116	1045	0.4752941887924	0.4752941887924
zf-CCHC	9	1	15116	1045	0.4752941887924	0.4752941887924
Zip	9	1	15116	1045	0.4752941887924	0.4752941887924
Ank	23	2	15116	1045	0.478826181886535	0.478826181886535
PHD	23	2	15116	1045	0.478826181886535	0.478826181886535
zf-RING_2	23	2	15116	1045	0.478826181886535	0.478826181886535
Helicase_C	80	6	15116	1045	0.479765798185081	0.479765798185081
ERAP1_C	24	2	15116	1045	0.50157763222115	0.50157763222115
Aldedh	10	1	15116	1045	0.511589785053202	0.511589785053202
Aminotran_1_2	10	1	15116	1045	0.511589785053202	0.511589785053202
Gal-bind_lectin	10	1	15116	1045	0.511589785053202	0.511589785053202
PAS	10	1	15116	1045	0.511589785053202	0.511589785053202
PID	10	1	15116	1045	0.511589785053202	0.511589785053202
PP2C	10	1	15116	1045	0.511589785053202	0.511589785053202
RGS	10	1	15116	1045	0.511589785053202	0.511589785053202
STAS	10	1	15116	1045	0.511589785053202	0.511589785053202
TPR_11	10	1	15116	1045	0.511589785053202	0.511589785053202
JHBP	25	2	15116	1045	0.523677572926921	0.523677572926921
Peptidase_M1	26	2	15116	1045	0.545107285934305	0.545107285934305
FERM_C	11	1	15116	1045	0.545376934174042	0.545376934174042
FERM_N	11	1	15116	1045	0.545376934174042	0.545376934174042
IBN_N	11	1	15116	1045	0.545376934174042	0.545376934174042
Pyridoxal_deC	11	1	15116	1045	0.545376934174042	0.545376934174042
RasGEF	11	1	15116	1045	0.545376934174042	0.545376934174042
Sulfate_transp	11	1	15116	1045	0.545376934174042	0.545376934174042
zf-C3HC4	11	1	15116	1045	0.545376934174042	0.545376934174042
Lig_chan	27	2	15116	1045	0.565853747548575	0.565853747548575
zf-C3HC4_3	27	2	15116	1045	0.565853747548575	0.565853747548575
AA_permease_2	12	1	15116	1045	0.576828844388417	0.576828844388417
ANAPC4_WD40	12	1	15116	1045	0.576828844388417	0.576828844388417
BTB_2	12	1	15116	1045	0.576828844388417	0.576828844388417
DHHC	12	1	15116	1045	0.576828844388417	0.576828844388417
Ion_trans_2	12	1	15116	1045	0.576828844388417	0.576828844388417
Laminin_EGF	12	1	15116	1045	0.576828844388417	0.576828844388417
RCC1	12	1	15116	1045	0.576828844388417	0.576828844388417
Lectin_C	29	2	15116	1045	0.6052691833676	0.6052691833676
7tm_2	13	1	15116	1045	0.606106774580028	0.606106774580028
GTP_EFTU_D2	13	1	15116	1045	0.606106774580028	0.606106774580028
Kelch_1	13	1	15116	1045	0.606106774580028	0.606106774580028
MRJP	13	1	15116	1045	0.606106774580028	0.606106774580028
OB_NTP_bind	13	1	15116	1045	0.606106774580028	0.606106774580028
Pro_isomerase	13	1	15116	1045	0.606106774580028	0.606106774580028
TPR_1	13	1	15116	1045	0.606106774580028	0.606106774580028
EcKinase	45	3	15116	1045	0.610142802986487	0.610142802986487
Actin	14	1	15116	1045	0.633360857912073	0.633360857912073
Arrestin_C	14	1	15116	1045	0.633360857912073	0.633360857912073
Arrestin_N	14	1	15116	1045	0.633360857912073	0.633360857912073
bZIP_2	14	1	15116	1045	0.633360857912073	0.633360857912073
CD36	14	1	15116	1045	0.633360857912073	0.633360857912073
HA2	14	1	15116	1045	0.633360857912073	0.633360857912073
C2-set_2	31	2	15116	1045	0.641908784241669	0.641908784241669
Ig_3	95	6	15116	1045	0.649464100677244	0.649464100677244
zf-C2H2_4	32	2	15116	1045	0.659197870197958	0.659197870197958
Ank_2	82	5	15116	1045	0.677739936568768	0.677739936568768
E1_DerP2_DerF2	16	1	15116	1045	0.682346936691003	0.682346936691003
FHA	17	1	15116	1045	0.704330211602122	0.704330211602122
LRR_1	17	1	15116	1045	0.704330211602122	0.704330211602122
LSM	17	1	15116	1045	0.704330211602122	0.704330211602122
SSF	17	1	15116	1045	0.704330211602122	0.704330211602122
TUDOR	17	1	15116	1045	0.704330211602122	0.704330211602122
Pkinase_Tyr	53	3	15116	1045	0.71914693590442	0.71914693590442
Acetyltransf_1	18	1	15116	1045	0.724793482605221	0.724793482605221
Cyclin_N	18	1	15116	1045	0.724793482605221	0.724793482605221
SNF2_N	18	1	15116	1045	0.724793482605221	0.724793482605221
Forkhead	19	1	15116	1045	0.743841754606648	0.743841754606648
SNF	19	1	15116	1045	0.743841754606648	0.743841754606648
ABC_membrane	20	1	15116	1045	0.761572785038923	0.761572785038923
CAP	20	1	15116	1045	0.761572785038923	0.761572785038923
ELO	20	1	15116	1045	0.761572785038923	0.761572785038923
WW	20	1	15116	1045	0.761572785038923	0.761572785038923
AMP-binding_C	21	1	15116	1045	0.778077583636851	0.778077583636851
RhoGAP	21	1	15116	1045	0.778077583636851	0.778077583636851
UCH	21	1	15116	1045	0.778077583636851	0.778077583636851
Guanylate_cyc	22	1	15116	1045	0.793440877780573	0.793440877780573
Acyl_transf_3	23	1	15116	1045	0.807741545775757	0.807741545775757
C1_1	23	1	15116	1045	0.807741545775757	0.807741545775757
CLIP	23	1	15116	1045	0.807741545775757	0.807741545775757
TPR_8	23	1	15116	1045	0.807741545775757	0.807741545775757
BACK	24	1	15116	1045	0.821053020278131	0.821053020278131
GMC_oxred_N	24	1	15116	1045	0.821053020278131	0.821053020278131
GST_C	24	1	15116	1045	0.821053020278131	0.821053020278131
CRAL_TRIO	45	2	15116	1045	0.827582243230985	0.827582243230985
GMC_oxred_C	25	1	15116	1045	0.833443663917765	0.833443663917765
Laminin_G_2	25	1	15116	1045	0.833443663917765	0.833443663917765
Homeobox	86	4	15116	1045	0.854147854304032	0.854147854304032
ASC	27	1	15116	1045	0.855712633325124	0.855712633325124
EGF	27	1	15116	1045	0.855712633325124	0.855712633325124
TIL	27	1	15116	1045	0.855712633325124	0.855712633325124
Lipase	28	1	15116	1045	0.865705363007359	0.865705363007359
Metallophos	28	1	15116	1045	0.865705363007359	0.865705363007359
Peptidase_M14	29	1	15116	1045	0.87500665513735	0.87500665513735
Ldl_recept_a	30	1	15116	1045	0.883664310428758	0.883664310428758
Cadherin	31	1	15116	1045	0.891722827968328	0.891722827968328
DUF4806	31	1	15116	1045	0.891722827968328	0.891722827968328
DnaJ	33	1	15116	1045	0.906205289346127	0.906205289346127
zf-C2H2_6	56	2	15116	1045	0.907024680846531	0.907024680846531
PBP_GOBP	61	2	15116	1045	0.930413965752951	0.930413965752951
AAA	41	1	15116	1045	0.947197027950681	0.947197027950681
WD40	131	5	15116	1045	0.953283112294496	0.953283112294496
zf-met	43	1	15116	1045	0.954264132369135	0.954264132369135
HLH	49	1	15116	1045	0.970283266678342	0.970283266678342
CBM_14	101	3	15116	1045	0.974149521482828	0.974149521482828
LRR_8	147	5	15116	1045	0.977729603020462	0.977729603020462
ABC_tran	55	1	15116	1045	0.980695085450392	0.980695085450392
7tm_6	77	1	15116	1045	0.996036152592804	0.996036152592804
zf-C2H2	268	9	15116	1045	0.996148102122994	0.996148102122994
p450	114	2	15116	1045	0.997377341772229	0.997377341772229
Chitin_bind_4	167	3	15116	1045	0.999454063869636	0.999454063869636
Trypsin	337	8	15116	1045	0.999955318620561	0.999955318620561
