annot	freq_in_pop	freq_in_int	total_ano_in_pop	total_ano_in_int	pval	pval_adj
CH	25	10	15116	956	1.33290570553057e-06	1.33290570553057e-06
Spectrin	8	6	15116	956	1.58051447098773e-06	1.58051447098773e-06
PDZ	59	13	15116	956	6.33843996992766e-05	6.33843996992766e-05
DUF4749	3	3	15116	956	0.000252223289765595	0.000252223289765595
SH3_9	23	7	15116	956	0.000395914565779904	0.000395914565779904
BAR	4	3	15116	956	0.000961178847844236	0.000961178847844236
ENTH	2	2	15116	956	0.00399591488628637	0.00399591488628637
KASH	2	2	15116	956	0.00399591488628637	0.00399591488628637
PRA1	2	2	15116	956	0.00399591488628637	0.00399591488628637
Pribosyl_synth	2	2	15116	956	0.00399591488628637	0.00399591488628637
Pribosyltran_N	2	2	15116	956	0.00399591488628637	0.00399591488628637
Troponin	2	2	15116	956	0.00399591488628637	0.00399591488628637
Biotin_lipoyl	6	3	15116	956	0.00436419045976839	0.00436419045976839
Neur_chan_LBD	28	6	15116	956	0.00713576026553684	0.00713576026553684
OS-D	7	3	15116	956	0.00727970440449361	0.00727970440449361
Neur_chan_memb	21	5	15116	956	0.00870356703936172	0.00870356703936172
ZZ	8	3	15116	956	0.0111039695154965	0.0111039695154965
Biotin_carb_C	3	2	15116	956	0.0114832980793279	0.0114832980793279
Biotin_carb_N	3	2	15116	956	0.0114832980793279	0.0114832980793279
Na_K-ATPase	3	2	15116	956	0.0114832980793279	0.0114832980793279
Voltage_CLC	3	2	15116	956	0.0114832980793279	0.0114832980793279
7tm_1	81	11	15116	956	0.0127406119403979	0.0127406119403979
Guanylate_kin	9	3	15116	956	0.0158813477386229	0.0158813477386229
RhoGEF	25	5	15116	956	0.0184388417554349	0.0184388417554349
FA_desaturase	10	3	15116	956	0.0216362116364487	0.0216362116364487
Pyr_redox_2	10	3	15116	956	0.0216362116364487	0.0216362116364487
Cation_ATPase_C	4	2	15116	956	0.0220054173108116	0.0220054173108116
Cation_ATPase_N	4	2	15116	956	0.0220054173108116	0.0220054173108116
CPSase_L_D2	4	2	15116	956	0.0220054173108116	0.0220054173108116
CRAL_TRIO_2	4	2	15116	956	0.0220054173108116	0.0220054173108116
Glyco_hydro_47	4	2	15116	956	0.0220054173108116	0.0220054173108116
PNP_UDP_1	4	2	15116	956	0.0220054173108116	0.0220054173108116
RasGAP	4	2	15116	956	0.0220054173108116	0.0220054173108116
SH3_2	11	3	15116	956	0.0283759664313918	0.0283759664313918
C2	38	6	15116	956	0.0306472601564015	0.0306472601564015
CBS	5	2	15116	956	0.0351492468572512	0.0351492468572512
CTD_bind	5	2	15116	956	0.0351492468572512	0.0351492468572512
DNA_pol_A_exo1	5	2	15116	956	0.0351492468572512	0.0351492468572512
EB	5	2	15116	956	0.0351492468572512	0.0351492468572512
Iso_dh	5	2	15116	956	0.0351492468572512	0.0351492468572512
MATH	5	2	15116	956	0.0351492468572512	0.0351492468572512
Thioredoxin_6	5	2	15116	956	0.0351492468572512	0.0351492468572512
TLD	5	2	15116	956	0.0351492468572512	0.0351492468572512
ZU5	5	2	15116	956	0.0351492468572512	0.0351492468572512
Sugar_tr	50	7	15116	956	0.0367295928796514	0.0367295928796514
PH	42	6	15116	956	0.0471464078345052	0.0471464078345052
CAP_GLY	6	2	15116	956	0.0505417750559926	0.0505417750559926
Claudin_2	6	2	15116	956	0.0505417750559926	0.0505417750559926
DDE_Tnp_4	6	2	15116	956	0.0505417750559926	0.0505417750559926
GATA	6	2	15116	956	0.0505417750559926	0.0505417750559926
GPHH	6	2	15116	956	0.0505417750559926	0.0505417750559926
His_Phos_1	6	2	15116	956	0.0505417750559926	0.0505417750559926
Laminin_B	6	2	15116	956	0.0505417750559926	0.0505417750559926
MyTH4	6	2	15116	956	0.0505417750559926	0.0505417750559926
Synaptobrevin	6	2	15116	956	0.0505417750559926	0.0505417750559926
fn3	43	6	15116	956	0.0519854410449087	0.0519854410449087
7tm_7	55	7	15116	956	0.0570662602798574	0.0570662602798574
2-oxogl_dehyd_N	1	1	15116	956	0.0632442445091294	0.0632442445091294
AAA_2	1	1	15116	956	0.0632442445091294	0.0632442445091294
ACC_central	1	1	15116	956	0.0632442445091294	0.0632442445091294
Acetyltransf_16	1	1	15116	956	0.0632442445091294	0.0632442445091294
AIP3	1	1	15116	956	0.0632442445091294	0.0632442445091294
Ala_racemase_N	1	1	15116	956	0.0632442445091294	0.0632442445091294
APS_kinase	1	1	15116	956	0.0632442445091294	0.0632442445091294
Aquarius_N	1	1	15116	956	0.0632442445091294	0.0632442445091294
Asp	1	1	15116	956	0.0632442445091294	0.0632442445091294
Asp_Arg_Hydrox	1	1	15116	956	0.0632442445091294	0.0632442445091294
ATG13	1	1	15116	956	0.0632442445091294	0.0632442445091294
ATG16	1	1	15116	956	0.0632442445091294	0.0632442445091294
ATP-sulfurylase	1	1	15116	956	0.0632442445091294	0.0632442445091294
ATP-synt	1	1	15116	956	0.0632442445091294	0.0632442445091294
BCDHK_Adom3	1	1	15116	956	0.0632442445091294	0.0632442445091294
BET	1	1	15116	956	0.0632442445091294	0.0632442445091294
Bravo_FIGEY	1	1	15116	956	0.0632442445091294	0.0632442445091294
BRD4_CDT	1	1	15116	956	0.0632442445091294	0.0632442445091294
CAP_C	1	1	15116	956	0.0632442445091294	0.0632442445091294
CAP_N	1	1	15116	956	0.0632442445091294	0.0632442445091294
Cbl_N	1	1	15116	956	0.0632442445091294	0.0632442445091294
Cbl_N2	1	1	15116	956	0.0632442445091294	0.0632442445091294
Cbl_N3	1	1	15116	956	0.0632442445091294	0.0632442445091294
CLIP1_ZNF	1	1	15116	956	0.0632442445091294	0.0632442445091294
ClpB_D2-small	1	1	15116	956	0.0632442445091294	0.0632442445091294
Coprogen_oxidas	1	1	15116	956	0.0632442445091294	0.0632442445091294
Coq4	1	1	15116	956	0.0632442445091294	0.0632442445091294
COX14	1	1	15116	956	0.0632442445091294	0.0632442445091294
COX4	1	1	15116	956	0.0632442445091294	0.0632442445091294
CPT_N	1	1	15116	956	0.0632442445091294	0.0632442445091294
DAG1	1	1	15116	956	0.0632442445091294	0.0632442445091294
DAGAT	1	1	15116	956	0.0632442445091294	0.0632442445091294
DBB	1	1	15116	956	0.0632442445091294	0.0632442445091294
DMAP_binding	1	1	15116	956	0.0632442445091294	0.0632442445091294
DUF1136	1	1	15116	956	0.0632442445091294	0.0632442445091294
DUF2181	1	1	15116	956	0.0632442445091294	0.0632442445091294
DUF2615	1	1	15116	956	0.0632442445091294	0.0632442445091294
DUF3498	1	1	15116	956	0.0632442445091294	0.0632442445091294
DUF3513	1	1	15116	956	0.0632442445091294	0.0632442445091294
DUF3591	1	1	15116	956	0.0632442445091294	0.0632442445091294
DUF4071	1	1	15116	956	0.0632442445091294	0.0632442445091294
DUF4757	1	1	15116	956	0.0632442445091294	0.0632442445091294
DUF4803	1	1	15116	956	0.0632442445091294	0.0632442445091294
DUF4808	1	1	15116	956	0.0632442445091294	0.0632442445091294
DUF758	1	1	15116	956	0.0632442445091294	0.0632442445091294
Dynein_IC2	1	1	15116	956	0.0632442445091294	0.0632442445091294
EF-hand_3	1	1	15116	956	0.0632442445091294	0.0632442445091294
Erg28	1	1	15116	956	0.0632442445091294	0.0632442445091294
F_actin_cap_B	1	1	15116	956	0.0632442445091294	0.0632442445091294
FAM177	1	1	15116	956	0.0632442445091294	0.0632442445091294
Fer2_4	1	1	15116	956	0.0632442445091294	0.0632442445091294
Fer4_21	1	1	15116	956	0.0632442445091294	0.0632442445091294
FOXP-CC	1	1	15116	956	0.0632442445091294	0.0632442445091294
FUN14	1	1	15116	956	0.0632442445091294	0.0632442445091294
Fuseless	1	1	15116	956	0.0632442445091294	0.0632442445091294
FYVE_2	1	1	15116	956	0.0632442445091294	0.0632442445091294
GCD14	1	1	15116	956	0.0632442445091294	0.0632442445091294
GDE_C	1	1	15116	956	0.0632442445091294	0.0632442445091294
Glyco_transf_41	1	1	15116	956	0.0632442445091294	0.0632442445091294
Glycolytic	1	1	15116	956	0.0632442445091294	0.0632442445091294
GMP_synt_C	1	1	15116	956	0.0632442445091294	0.0632442445091294
GSH_synth_ATP	1	1	15116	956	0.0632442445091294	0.0632442445091294
GSH_synthase	1	1	15116	956	0.0632442445091294	0.0632442445091294
HAGH_C	1	1	15116	956	0.0632442445091294	0.0632442445091294
hDGE_amylase	1	1	15116	956	0.0632442445091294	0.0632442445091294
Headcase	1	1	15116	956	0.0632442445091294	0.0632442445091294
HECA	1	1	15116	956	0.0632442445091294	0.0632442445091294
hGDE_central	1	1	15116	956	0.0632442445091294	0.0632442445091294
hGDE_N	1	1	15116	956	0.0632442445091294	0.0632442445091294
HOIP-UBA	1	1	15116	956	0.0632442445091294	0.0632442445091294
HS1_rep	1	1	15116	956	0.0632442445091294	0.0632442445091294
HUN	1	1	15116	956	0.0632442445091294	0.0632442445091294
Ion_trans_N	1	1	15116	956	0.0632442445091294	0.0632442445091294
Jiraiya	1	1	15116	956	0.0632442445091294	0.0632442445091294
JUPITER	1	1	15116	956	0.0632442445091294	0.0632442445091294
KIND	1	1	15116	956	0.0632442445091294	0.0632442445091294
L27_1	1	1	15116	956	0.0632442445091294	0.0632442445091294
LSM14	1	1	15116	956	0.0632442445091294	0.0632442445091294
LURAP	1	1	15116	956	0.0632442445091294	0.0632442445091294
MAP7	1	1	15116	956	0.0632442445091294	0.0632442445091294
Methyltransf_5	1	1	15116	956	0.0632442445091294	0.0632442445091294
MgtE	1	1	15116	956	0.0632442445091294	0.0632442445091294
Milton	1	1	15116	956	0.0632442445091294	0.0632442445091294
Molybdopterin	1	1	15116	956	0.0632442445091294	0.0632442445091294
N_BRCA1_IG	1	1	15116	956	0.0632442445091294	0.0632442445091294
Na_trans_assoc	1	1	15116	956	0.0632442445091294	0.0632442445091294
Na_trans_cytopl	1	1	15116	956	0.0632442445091294	0.0632442445091294
NADH_dhqG_C	1	1	15116	956	0.0632442445091294	0.0632442445091294
NADH-G_4Fe-4S_3	1	1	15116	956	0.0632442445091294	0.0632442445091294
NCD1	1	1	15116	956	0.0632442445091294	0.0632442445091294
NCD2	1	1	15116	956	0.0632442445091294	0.0632442445091294
NKAIN	1	1	15116	956	0.0632442445091294	0.0632442445091294
NOPS	1	1	15116	956	0.0632442445091294	0.0632442445091294
Orai-1	1	1	15116	956	0.0632442445091294	0.0632442445091294
PA26	1	1	15116	956	0.0632442445091294	0.0632442445091294
Pacs-1	1	1	15116	956	0.0632442445091294	0.0632442445091294
PAH	1	1	15116	956	0.0632442445091294	0.0632442445091294
PEPCK_C	1	1	15116	956	0.0632442445091294	0.0632442445091294
PEPCK_N	1	1	15116	956	0.0632442445091294	0.0632442445091294
Peptidase_S51	1	1	15116	956	0.0632442445091294	0.0632442445091294
Pex19	1	1	15116	956	0.0632442445091294	0.0632442445091294
PHO4	1	1	15116	956	0.0632442445091294	0.0632442445091294
PIG-P	1	1	15116	956	0.0632442445091294	0.0632442445091294
PIG-S	1	1	15116	956	0.0632442445091294	0.0632442445091294
PMC2NT	1	1	15116	956	0.0632442445091294	0.0632442445091294
PP1_inhibitor	1	1	15116	956	0.0632442445091294	0.0632442445091294
PRKG1_interact	1	1	15116	956	0.0632442445091294	0.0632442445091294
Prok-RING_4	1	1	15116	956	0.0632442445091294	0.0632442445091294
PTB	1	1	15116	956	0.0632442445091294	0.0632442445091294
PUA_2	1	1	15116	956	0.0632442445091294	0.0632442445091294
PUF	1	1	15116	956	0.0632442445091294	0.0632442445091294
Put_Phosphatase	1	1	15116	956	0.0632442445091294	0.0632442445091294
PYC_OADA	1	1	15116	956	0.0632442445091294	0.0632442445091294
Pyrophosphatase	1	1	15116	956	0.0632442445091294	0.0632442445091294
RAMP4	1	1	15116	956	0.0632442445091294	0.0632442445091294
Reprolysin_2	1	1	15116	956	0.0632442445091294	0.0632442445091294
Reticulon	1	1	15116	956	0.0632442445091294	0.0632442445091294
RNA_GG_bind	1	1	15116	956	0.0632442445091294	0.0632442445091294
Rogdi_lz	1	1	15116	956	0.0632442445091294	0.0632442445091294
Secretogranin_V	1	1	15116	956	0.0632442445091294	0.0632442445091294
Seipin	1	1	15116	956	0.0632442445091294	0.0632442445091294
SelR	1	1	15116	956	0.0632442445091294	0.0632442445091294
Serine_rich	1	1	15116	956	0.0632442445091294	0.0632442445091294
SHMT	1	1	15116	956	0.0632442445091294	0.0632442445091294
Sin3_corepress	1	1	15116	956	0.0632442445091294	0.0632442445091294
Sin3a_C	1	1	15116	956	0.0632442445091294	0.0632442445091294
SMAP	1	1	15116	956	0.0632442445091294	0.0632442445091294
SMP_LBD	1	1	15116	956	0.0632442445091294	0.0632442445091294
SNase	1	1	15116	956	0.0632442445091294	0.0632442445091294
Synapsin	1	1	15116	956	0.0632442445091294	0.0632442445091294
Synapsin_C	1	1	15116	956	0.0632442445091294	0.0632442445091294
TBP-binding	1	1	15116	956	0.0632442445091294	0.0632442445091294
Telomere_reg-2	1	1	15116	956	0.0632442445091294	0.0632442445091294
Tox-SGS	1	1	15116	956	0.0632442445091294	0.0632442445091294
TRIC	1	1	15116	956	0.0632442445091294	0.0632442445091294
Tropomodulin	1	1	15116	956	0.0632442445091294	0.0632442445091294
Tsg	1	1	15116	956	0.0632442445091294	0.0632442445091294
UBN_AB	1	1	15116	956	0.0632442445091294	0.0632442445091294
UNC80	1	1	15116	956	0.0632442445091294	0.0632442445091294
Vps55	1	1	15116	956	0.0632442445091294	0.0632442445091294
XendoU	1	1	15116	956	0.0632442445091294	0.0632442445091294
zf-CCHC_6	1	1	15116	956	0.0632442445091294	0.0632442445091294
zinc_ribbon_10	1	1	15116	956	0.0632442445091294	0.0632442445091294
Ras	57	7	15116	956	0.0668238494183088	0.0668238494183088
Amidase_2	7	2	15116	956	0.0678466033165922	0.0678466033165922
SOCS_box	7	2	15116	956	0.0678466033165922	0.0678466033165922
BTB	69	8	15116	956	0.0687971395017064	0.0687971395017064
Mito_carr	36	5	15116	956	0.0742961784593312	0.0742961784593312
SH3_1	26	4	15116	956	0.0784309929859502	0.0784309929859502
Band_7	8	2	15116	956	0.086760814583624	0.086760814583624
Cation_ATPase	8	2	15116	956	0.086760814583624	0.086760814583624
Ets	8	2	15116	956	0.086760814583624	0.086760814583624
HTH_psq	8	2	15116	956	0.086760814583624	0.086760814583624
cNMP_binding	17	3	15116	956	0.0883873791384323	0.0883873791384323
Bromodomain	18	3	15116	956	0.101293907849008	0.101293907849008
PX	18	3	15116	956	0.101293907849008	0.101293907849008
Serpin	18	3	15116	956	0.101293907849008	0.101293907849008
MFS_1	63	7	15116	956	0.101737743659492	0.101737743659492
Myb_DNA-binding	9	2	15116	956	0.107012090825053	0.107012090825053
SAM_2	9	2	15116	956	0.107012090825053	0.107012090825053
Ion_trans	41	5	15116	956	0.114717203105249	0.114717203105249
Forkhead	19	3	15116	956	0.114897246349968	0.114897246349968
SH2	30	4	15116	956	0.118345060531102	0.118345060531102
14-3-3	2	1	15116	956	0.122492574131973	0.122492574131973
5_nucleotid	2	1	15116	956	0.122492574131973	0.122492574131973
Aconitase	2	1	15116	956	0.122492574131973	0.122492574131973
Aconitase_C	2	1	15116	956	0.122492574131973	0.122492574131973
Anoct_dimer	2	1	15116	956	0.122492574131973	0.122492574131973
ANTH	2	1	15116	956	0.122492574131973	0.122492574131973
ASD2	2	1	15116	956	0.122492574131973	0.122492574131973
B56	2	1	15116	956	0.122492574131973	0.122492574131973
BK_channel_a	2	1	15116	956	0.122492574131973	0.122492574131973
BTK	2	1	15116	956	0.122492574131973	0.122492574131973
Carboxyl_trans	2	1	15116	956	0.122492574131973	0.122492574131973
Cast	2	1	15116	956	0.122492574131973	0.122492574131973
CEBP_ZZ	2	1	15116	956	0.122492574131973	0.122492574131973
CIDE-N	2	1	15116	956	0.122492574131973	0.122492574131973
COPIIcoated_ERV	2	1	15116	956	0.122492574131973	0.122492574131973
Corazonin	2	1	15116	956	0.122492574131973	0.122492574131973
CP2	2	1	15116	956	0.122492574131973	0.122492574131973
CUT	2	1	15116	956	0.122492574131973	0.122492574131973
DHO_dh	2	1	15116	956	0.122492574131973	0.122492574131973
dNK	2	1	15116	956	0.122492574131973	0.122492574131973
Drf_GBD	2	1	15116	956	0.122492574131973	0.122492574131973
DUF1279	2	1	15116	956	0.122492574131973	0.122492574131973
Dynamin_M	2	1	15116	956	0.122492574131973	0.122492574131973
EFhand_Ca_insen	2	1	15116	956	0.122492574131973	0.122492574131973
EHD_N	2	1	15116	956	0.122492574131973	0.122492574131973
ELFV_dehydrog	2	1	15116	956	0.122492574131973	0.122492574131973
ELFV_dehydrog_N	2	1	15116	956	0.122492574131973	0.122492574131973
ERGIC_N	2	1	15116	956	0.122492574131973	0.122492574131973
FDF	2	1	15116	956	0.122492574131973	0.122492574131973
Fer4_20	2	1	15116	956	0.122492574131973	0.122492574131973
GAS2	2	1	15116	956	0.122492574131973	0.122492574131973
GATase_6	2	1	15116	956	0.122492574131973	0.122492574131973
GED	2	1	15116	956	0.122492574131973	0.122492574131973
Gln-synt_C	2	1	15116	956	0.122492574131973	0.122492574131973
Gln-synt_N	2	1	15116	956	0.122492574131973	0.122492574131973
Glucosamine_iso	2	1	15116	956	0.122492574131973	0.122492574131973
Glyco_hydro_15	2	1	15116	956	0.122492574131973	0.122492574131973
Glypican	2	1	15116	956	0.122492574131973	0.122492574131973
HAP1_N	2	1	15116	956	0.122492574131973	0.122492574131973
HMGL-like	2	1	15116	956	0.122492574131973	0.122492574131973
HR1	2	1	15116	956	0.122492574131973	0.122492574131973
HRDC	2	1	15116	956	0.122492574131973	0.122492574131973
Hydrolase_3	2	1	15116	956	0.122492574131973	0.122492574131973
I_LWEQ	2	1	15116	956	0.122492574131973	0.122492574131973
IF4E	2	1	15116	956	0.122492574131973	0.122492574131973
IFRD	2	1	15116	956	0.122492574131973	0.122492574131973
IFRD_C	2	1	15116	956	0.122492574131973	0.122492574131973
IMD	2	1	15116	956	0.122492574131973	0.122492574131973
KA1	2	1	15116	956	0.122492574131973	0.122492574131973
Ku	2	1	15116	956	0.122492574131973	0.122492574131973
Ku_C	2	1	15116	956	0.122492574131973	0.122492574131973
Ku_N	2	1	15116	956	0.122492574131973	0.122492574131973
LETM1	2	1	15116	956	0.122492574131973	0.122492574131973
LLGL	2	1	15116	956	0.122492574131973	0.122492574131973
Lung_7-TM_R	2	1	15116	956	0.122492574131973	0.122492574131973
Macro	2	1	15116	956	0.122492574131973	0.122492574131973
Motile_Sperm	2	1	15116	956	0.122492574131973	0.122492574131973
Myofilin	2	1	15116	956	0.122492574131973	0.122492574131973
Myosin_N	2	1	15116	956	0.122492574131973	0.122492574131973
NAD_synthase	2	1	15116	956	0.122492574131973	0.122492574131973
Ndr	2	1	15116	956	0.122492574131973	0.122492574131973
NOT2_3_5	2	1	15116	956	0.122492574131973	0.122492574131973
NPC1_N	2	1	15116	956	0.122492574131973	0.122492574131973
OxoGdeHyase_C	2	1	15116	956	0.122492574131973	0.122492574131973
P53	2	1	15116	956	0.122492574131973	0.122492574131973
PAP2_C	2	1	15116	956	0.122492574131973	0.122492574131973
Prenyltransf	2	1	15116	956	0.122492574131973	0.122492574131973
PRK	2	1	15116	956	0.122492574131973	0.122492574131973
Prominin	2	1	15116	956	0.122492574131973	0.122492574131973
Pyr_redox_dim	2	1	15116	956	0.122492574131973	0.122492574131973
RBD-FIP	2	1	15116	956	0.122492574131973	0.122492574131973
RRM_7	2	1	15116	956	0.122492574131973	0.122492574131973
S-AdoMet_synt_C	2	1	15116	956	0.122492574131973	0.122492574131973
S-AdoMet_synt_M	2	1	15116	956	0.122492574131973	0.122492574131973
S-AdoMet_synt_N	2	1	15116	956	0.122492574131973	0.122492574131973
SNARE_assoc	2	1	15116	956	0.122492574131973	0.122492574131973
STPPase_N	2	1	15116	956	0.122492574131973	0.122492574131973
Sulfotransfer_3	2	1	15116	956	0.122492574131973	0.122492574131973
TB2_DP1_HVA22	2	1	15116	956	0.122492574131973	0.122492574131973
THF_DHG_CYH	2	1	15116	956	0.122492574131973	0.122492574131973
THF_DHG_CYH_C	2	1	15116	956	0.122492574131973	0.122492574131973
Tox-GHH	2	1	15116	956	0.122492574131973	0.122492574131973
Tropomyosin	2	1	15116	956	0.122492574131973	0.122492574131973
UDPGP	2	1	15116	956	0.122492574131973	0.122492574131973
YTH	2	1	15116	956	0.122492574131973	0.122492574131973
zf-Di19	2	1	15116	956	0.122492574131973	0.122492574131973
zf-rbx1	2	1	15116	956	0.122492574131973	0.122492574131973
PID	10	2	15116	956	0.128356060622204	0.128356060622204
Pkinase_C	10	2	15116	956	0.128356060622204	0.128356060622204
LIM	32	4	15116	956	0.141014397118974	0.141014397118974
E1-E2_ATPase	11	2	15116	956	0.150573859331274	0.150573859331274
EF-hand_8	11	2	15116	956	0.150573859331274	0.150573859331274
Peptidase_C1	11	2	15116	956	0.150573859331274	0.150573859331274
CRAL_TRIO	45	5	15116	956	0.153138244805124	0.153138244805124
adh_short	46	5	15116	956	0.163489674714575	0.163489674714575
Ion_trans_2	12	2	15116	956	0.173469885579883	0.173469885579883
Laminin_EGF	12	2	15116	956	0.173469885579883	0.173469885579883
SPRY	12	2	15116	956	0.173469885579883	0.173469885579883
EF-hand_7	47	5	15116	956	0.174111510258246	0.174111510258246
2-oxoacid_dh	3	1	15116	956	0.177997212158294	0.177997212158294
ATP-synt_Eps	3	1	15116	956	0.177997212158294	0.177997212158294
Band_3_cyto	3	1	15116	956	0.177997212158294	0.177997212158294
BSD	3	1	15116	956	0.177997212158294	0.177997212158294
CarboxypepD_reg	3	1	15116	956	0.177997212158294	0.177997212158294
CBF	3	1	15116	956	0.177997212158294	0.177997212158294
Choline_transpo	3	1	15116	956	0.177997212158294	0.177997212158294
Cullin_binding	3	1	15116	956	0.177997212158294	0.177997212158294
DNA_pol_E_B	3	1	15116	956	0.177997212158294	0.177997212158294
DUF1126	3	1	15116	956	0.177997212158294	0.177997212158294
DUF229	3	1	15116	956	0.177997212158294	0.177997212158294
DUF3456	3	1	15116	956	0.177997212158294	0.177997212158294
DUF3585	3	1	15116	956	0.177997212158294	0.177997212158294
EF-hand_2	3	1	15116	956	0.177997212158294	0.177997212158294
FAD_binding_7	3	1	15116	956	0.177997212158294	0.177997212158294
GalKase_gal_bdg	3	1	15116	956	0.177997212158294	0.177997212158294
GATase	3	1	15116	956	0.177997212158294	0.177997212158294
Glyco_transf_8	3	1	15116	956	0.177997212158294	0.177997212158294
HAD_2	3	1	15116	956	0.177997212158294	0.177997212158294
HCO3_cotransp	3	1	15116	956	0.177997212158294	0.177997212158294
IPK	3	1	15116	956	0.177997212158294	0.177997212158294
LysM	3	1	15116	956	0.177997212158294	0.177997212158294
MAPEG	3	1	15116	956	0.177997212158294	0.177997212158294
MOSC	3	1	15116	956	0.177997212158294	0.177997212158294
MOSC_N	3	1	15116	956	0.177997212158294	0.177997212158294
P_proprotein	3	1	15116	956	0.177997212158294	0.177997212158294
PDZ_2	3	1	15116	956	0.177997212158294	0.177997212158294
PH_9	3	1	15116	956	0.177997212158294	0.177997212158294
PITH	3	1	15116	956	0.177997212158294	0.177997212158294
PRELI	3	1	15116	956	0.177997212158294	0.177997212158294
PTEN_C2	3	1	15116	956	0.177997212158294	0.177997212158294
RBD	3	1	15116	956	0.177997212158294	0.177997212158294
Rieske	3	1	15116	956	0.177997212158294	0.177997212158294
RNase_Zc3h12a	3	1	15116	956	0.177997212158294	0.177997212158294
S8_pro-domain	3	1	15116	956	0.177997212158294	0.177997212158294
Sacchrp_dh_NADP	3	1	15116	956	0.177997212158294	0.177997212158294
Scramblase	3	1	15116	956	0.177997212158294	0.177997212158294
SDF	3	1	15116	956	0.177997212158294	0.177997212158294
SVWC	3	1	15116	956	0.177997212158294	0.177997212158294
TGFb_propeptide	3	1	15116	956	0.177997212158294	0.177997212158294
TIR_2	3	1	15116	956	0.177997212158294	0.177997212158294
tRNA-synt_His	3	1	15116	956	0.177997212158294	0.177997212158294
UbiA	3	1	15116	956	0.177997212158294	0.177997212158294
UNC-93	3	1	15116	956	0.177997212158294	0.177997212158294
VHP	3	1	15116	956	0.177997212158294	0.177997212158294
Pkinase	157	13	15116	956	0.19431565245573	0.19431565245573
Lig_chan-Glu_bd	13	2	15116	956	0.196869739062488	0.196869739062488
RA	13	2	15116	956	0.196869739062488	0.196869739062488
TPR_1	13	2	15116	956	0.196869739062488	0.196869739062488
bZIP_2	14	2	15116	956	0.220618325712104	0.220618325712104
DSPc	14	2	15116	956	0.220618325712104	0.220618325712104
HECT	14	2	15116	956	0.220618325712104	0.220618325712104
AMP-binding	26	3	15116	956	0.22487036397964	0.22487036397964
UQ_con	26	3	15116	956	0.22487036397964	0.22487036397964
ADH_zinc_N_2	4	1	15116	956	0.229994477107455	0.229994477107455
Anoctamin	4	1	15116	956	0.229994477107455	0.229994477107455
ATP-gua_Ptrans	4	1	15116	956	0.229994477107455	0.229994477107455
ATP-gua_PtransN	4	1	15116	956	0.229994477107455	0.229994477107455
Ca_chan_IQ	4	1	15116	956	0.229994477107455	0.229994477107455
Calponin	4	1	15116	956	0.229994477107455	0.229994477107455
CLASP_N	4	1	15116	956	0.229994477107455	0.229994477107455
DDT	4	1	15116	956	0.229994477107455	0.229994477107455
DNA_photolyase	4	1	15116	956	0.229994477107455	0.229994477107455
Drf_FH3	4	1	15116	956	0.229994477107455	0.229994477107455
Dus	4	1	15116	956	0.229994477107455	0.229994477107455
Filamin	4	1	15116	956	0.229994477107455	0.229994477107455
Flavodoxin_1	4	1	15116	956	0.229994477107455	0.229994477107455
Flot	4	1	15116	956	0.229994477107455	0.229994477107455
HNOB	4	1	15116	956	0.229994477107455	0.229994477107455
Lactamase_B	4	1	15116	956	0.229994477107455	0.229994477107455
LRRCT	4	1	15116	956	0.229994477107455	0.229994477107455
MBD	4	1	15116	956	0.229994477107455	0.229994477107455
PAN_1	4	1	15116	956	0.229994477107455	0.229994477107455
SGL	4	1	15116	956	0.229994477107455	0.229994477107455
SIR2	4	1	15116	956	0.229994477107455	0.229994477107455
Sterol-sensing	4	1	15116	956	0.229994477107455	0.229994477107455
VHS	4	1	15116	956	0.229994477107455	0.229994477107455
W2	4	1	15116	956	0.229994477107455	0.229994477107455
WSD	4	1	15116	956	0.229994477107455	0.229994477107455
Myosin_head	15	2	15116	956	0.244578117358971	0.244578117358971
Ig_3	95	8	15116	956	0.252091578759716	0.252091578759716
Aa_trans	16	2	15116	956	0.268627553945117	0.268627553945117
Ank_4	16	2	15116	956	0.268627553945117	0.268627553945117
Y_phosphatase	16	2	15116	956	0.268627553945117	0.268627553945117
GST_N_3	29	3	15116	956	0.276875798054745	0.276875798054745
Lectin_C	29	3	15116	956	0.276875798054745	0.276875798054745
A_deaminase	5	1	15116	956	0.278705784670007	0.278705784670007
Amidohydro_1	5	1	15116	956	0.278705784670007	0.278705784670007
Aminotran_3	5	1	15116	956	0.278705784670007	0.278705784670007
Aminotran_5	5	1	15116	956	0.278705784670007	0.278705784670007
BAH	5	1	15116	956	0.278705784670007	0.278705784670007
Carn_acyltransf	5	1	15116	956	0.278705784670007	0.278705784670007
CDP-OH_P_transf	5	1	15116	956	0.278705784670007	0.278705784670007
CTP_transf_like	5	1	15116	956	0.278705784670007	0.278705784670007
Dynamin_N	5	1	15116	956	0.278705784670007	0.278705784670007
EGF_2	5	1	15116	956	0.278705784670007	0.278705784670007
Epimerase	5	1	15116	956	0.278705784670007	0.278705784670007
F5_F8_type_C	5	1	15116	956	0.278705784670007	0.278705784670007
Frizzled	5	1	15116	956	0.278705784670007	0.278705784670007
Glyco_hydro_31	5	1	15116	956	0.278705784670007	0.278705784670007
GST_C_3	5	1	15116	956	0.278705784670007	0.278705784670007
Inhibitor_I29	5	1	15116	956	0.278705784670007	0.278705784670007
Inositol_P	5	1	15116	956	0.278705784670007	0.278705784670007
La	5	1	15116	956	0.278705784670007	0.278705784670007
Myosin_tail_1	5	1	15116	956	0.278705784670007	0.278705784670007
Na_H_Exchanger	5	1	15116	956	0.278705784670007	0.278705784670007
Peptidase_M17	5	1	15116	956	0.278705784670007	0.278705784670007
Peptidase_S8	5	1	15116	956	0.278705784670007	0.278705784670007
RINGv	5	1	15116	956	0.278705784670007	0.278705784670007
Sec7	5	1	15116	956	0.278705784670007	0.278705784670007
START	5	1	15116	956	0.278705784670007	0.278705784670007
TPR_10	5	1	15116	956	0.278705784670007	0.278705784670007
Transket_pyr	5	1	15116	956	0.278705784670007	0.278705784670007
UBA_4	5	1	15116	956	0.278705784670007	0.278705784670007
VWC	5	1	15116	956	0.278705784670007	0.278705784670007
RRM_1	127	10	15116	956	0.282750837558772	0.282750837558772
Acyltransferase	17	2	15116	956	0.292659577252675	0.292659577252675
GTP_EFTU	17	2	15116	956	0.292659577252675	0.292659577252675
SAM_1	18	2	15116	956	0.316580285928134	0.316580285928134
Tetraspannin	18	2	15116	956	0.316580285928134	0.316580285928134
adh_short_C2	6	1	15116	956	0.32433858659281	0.32433858659281
Amidase	6	1	15116	956	0.32433858659281	0.32433858659281
Cation_efflux	6	1	15116	956	0.32433858659281	0.32433858659281
CNH	6	1	15116	956	0.32433858659281	0.32433858659281
Cullin	6	1	15116	956	0.32433858659281	0.32433858659281
Cullin_Nedd8	6	1	15116	956	0.32433858659281	0.32433858659281
DPPIV_N	6	1	15116	956	0.32433858659281	0.32433858659281
E1_dh	6	1	15116	956	0.32433858659281	0.32433858659281
EF-hand_6	6	1	15116	956	0.32433858659281	0.32433858659281
EMP24_GP25L	6	1	15116	956	0.32433858659281	0.32433858659281
FAD_binding_1	6	1	15116	956	0.32433858659281	0.32433858659281
FH2	6	1	15116	956	0.32433858659281	0.32433858659281
G-alpha	6	1	15116	956	0.32433858659281	0.32433858659281
GHMP_kinases_C	6	1	15116	956	0.32433858659281	0.32433858659281
GHMP_kinases_N	6	1	15116	956	0.32433858659281	0.32433858659281
GST_C_2	6	1	15116	956	0.32433858659281	0.32433858659281
GTP_EFTU_D3	6	1	15116	956	0.32433858659281	0.32433858659281
HATPase_c	6	1	15116	956	0.32433858659281	0.32433858659281
HNOBA	6	1	15116	956	0.32433858659281	0.32433858659281
Homeobox_KN	6	1	15116	956	0.32433858659281	0.32433858659281
IBR	6	1	15116	956	0.32433858659281	0.32433858659281
Innexin	6	1	15116	956	0.32433858659281	0.32433858659281
IRK	6	1	15116	956	0.32433858659281	0.32433858659281
Laminin_N	6	1	15116	956	0.32433858659281	0.32433858659281
Patched	6	1	15116	956	0.32433858659281	0.32433858659281
Pep_M12B_propep	6	1	15116	956	0.32433858659281	0.32433858659281
Phospholip_A2_2	6	1	15116	956	0.32433858659281	0.32433858659281
PP-binding	6	1	15116	956	0.32433858659281	0.32433858659281
RasGEF_N	6	1	15116	956	0.32433858659281	0.32433858659281
RUN	6	1	15116	956	0.32433858659281	0.32433858659281
TGF_beta	6	1	15116	956	0.32433858659281	0.32433858659281
Thyroglobulin_1	6	1	15116	956	0.32433858659281	0.32433858659281
tRNA-synt_2	6	1	15116	956	0.32433858659281	0.32433858659281
IQ	19	2	15116	956	0.340307702349094	0.340307702349094
I-set	91	7	15116	956	0.352935387536751	0.352935387536751
ANF_receptor	20	2	15116	956	0.363770642588845	0.363770642588845
KH_1	20	2	15116	956	0.363770642588845	0.363770642588845
bZIP_1	7	1	15116	956	0.367087250472179	0.367087250472179
Collagen	7	1	15116	956	0.367087250472179	0.367087250472179
Death	7	1	15116	956	0.367087250472179	0.367087250472179
Disintegrin	7	1	15116	956	0.367087250472179	0.367087250472179
ELM2	7	1	15116	956	0.367087250472179	0.367087250472179
Laminin_G_1	7	1	15116	956	0.367087250472179	0.367087250472179
OATP	7	1	15116	956	0.367087250472179	0.367087250472179
Peptidase_S9	7	1	15116	956	0.367087250472179	0.367087250472179
PWWP	7	1	15116	956	0.367087250472179	0.367087250472179
tRNA_anti-codon	7	1	15116	956	0.367087250472179	0.367087250472179
Hormone_recep	21	2	15116	956	0.386907681391076	0.386907681391076
RhoGAP	21	2	15116	956	0.386907681391076	0.386907681391076
UCH	21	2	15116	956	0.386907681391076	0.386907681391076
AAA_11	8	1	15116	956	0.407133884170544	0.407133884170544
AAA_12	8	1	15116	956	0.407133884170544	0.407133884170544
Annexin	8	1	15116	956	0.407133884170544	0.407133884170544
Cytochrom_B561	8	1	15116	956	0.407133884170544	0.407133884170544
DHC_N1	8	1	15116	956	0.407133884170544	0.407133884170544
ECH_1	8	1	15116	956	0.407133884170544	0.407133884170544
HGTP_anticodon	8	1	15116	956	0.407133884170544	0.407133884170544
HSP20	8	1	15116	956	0.407133884170544	0.407133884170544
Ig_2	8	1	15116	956	0.407133884170544	0.407133884170544
PDEase_I	8	1	15116	956	0.407133884170544	0.407133884170544
Rhodanese	8	1	15116	956	0.407133884170544	0.407133884170544
ThiF	8	1	15116	956	0.407133884170544	0.407133884170544
zf-B_box	8	1	15116	956	0.407133884170544	0.407133884170544
zf-RanBP	8	1	15116	956	0.407133884170544	0.407133884170544
FERM_M	22	2	15116	956	0.409666204676102	0.409666204676102
Thioredoxin	22	2	15116	956	0.409666204676102	0.409666204676102
zf-C4	22	2	15116	956	0.409666204676102	0.409666204676102
Ank	23	2	15116	956	0.432001542664409	0.432001542664409
ArfGap	9	1	15116	956	0.44464910833873	0.44464910833873
CBFD_NFYB_HMF	9	1	15116	956	0.44464910833873	0.44464910833873
Cyclin_C	9	1	15116	956	0.44464910833873	0.44464910833873
DAO	9	1	15116	956	0.44464910833873	0.44464910833873
DnaJ_C	9	1	15116	956	0.44464910833873	0.44464910833873
FKBP_C	9	1	15116	956	0.44464910833873	0.44464910833873
Fz	9	1	15116	956	0.44464910833873	0.44464910833873
Kazal_2	9	1	15116	956	0.44464910833873	0.44464910833873
MIF4G	9	1	15116	956	0.44464910833873	0.44464910833873
Mpv17_PMP22	9	1	15116	956	0.44464910833873	0.44464910833873
NAD_binding_1	9	1	15116	956	0.44464910833873	0.44464910833873
Peptidase_C2	9	1	15116	956	0.44464910833873	0.44464910833873
Sushi	9	1	15116	956	0.44464910833873	0.44464910833873
UBA	9	1	15116	956	0.44464910833873	0.44464910833873
zf-CCHC	9	1	15116	956	0.44464910833873	0.44464910833873
Zip	9	1	15116	956	0.44464910833873	0.44464910833873
ERAP1_C	24	2	15116	956	0.453876177226439	0.453876177226439
GMC_oxred_N	24	2	15116	956	0.453876177226439	0.453876177226439
GMC_oxred_C	25	2	15116	956	0.475259017552184	0.475259017552184
JHBP	25	2	15116	956	0.475259017552184	0.475259017552184
Laminin_G_2	25	2	15116	956	0.475259017552184	0.475259017552184
DEAD	56	4	15116	956	0.476315200579725	0.476315200579725
Aldedh	10	1	15116	956	0.479792780307234	0.479792780307234
Aminotran_1_2	10	1	15116	956	0.479792780307234	0.479792780307234
Gal-bind_lectin	10	1	15116	956	0.479792780307234	0.479792780307234
PAS	10	1	15116	956	0.479792780307234	0.479792780307234
PP2C	10	1	15116	956	0.479792780307234	0.479792780307234
RGS	10	1	15116	956	0.479792780307234	0.479792780307234
STAS	10	1	15116	956	0.479792780307234	0.479792780307234
TPR_11	10	1	15116	956	0.479792780307234	0.479792780307234
Peptidase_M1	26	2	15116	956	0.49612473868323	0.49612473868323
AAA_5	11	1	15116	956	0.51271467240483	0.51271467240483
AAA_6	11	1	15116	956	0.51271467240483	0.51271467240483
AAA_8	11	1	15116	956	0.51271467240483	0.51271467240483
Alk_phosphatase	11	1	15116	956	0.51271467240483	0.51271467240483
IBN_N	11	1	15116	956	0.51271467240483	0.51271467240483
Pyridoxal_deC	11	1	15116	956	0.51271467240483	0.51271467240483
RasGEF	11	1	15116	956	0.51271467240483	0.51271467240483
Sulfate_transp	11	1	15116	956	0.51271467240483	0.51271467240483
zf-C3HC4	11	1	15116	956	0.51271467240483	0.51271467240483
EGF	27	2	15116	956	0.516453177865787	0.516453177865787
Lig_chan	27	2	15116	956	0.516453177865787	0.516453177865787
AA_permease_2	12	1	15116	956	0.543555107570734	0.543555107570734
AAA_7	12	1	15116	956	0.543555107570734	0.543555107570734
AAA_9	12	1	15116	956	0.543555107570734	0.543555107570734
ANAPC4_WD40	12	1	15116	956	0.543555107570734	0.543555107570734
Cyt-b5	12	1	15116	956	0.543555107570734	0.543555107570734
DHHC	12	1	15116	956	0.543555107570734	0.543555107570734
Dynein_heavy	12	1	15116	956	0.543555107570734	0.543555107570734
ig	12	1	15116	956	0.543555107570734	0.543555107570734
MT	12	1	15116	956	0.543555107570734	0.543555107570734
RCC1	12	1	15116	956	0.543555107570734	0.543555107570734
EcKinase	45	3	15116	956	0.548231476976151	0.548231476976151
Peptidase_M14	29	2	15116	956	0.555440116365859	0.555440116365859
7tm_2	13	1	15116	956	0.572445554946421	0.572445554946421
Arf	13	1	15116	956	0.572445554946421	0.572445554946421
Astacin	13	1	15116	956	0.572445554946421	0.572445554946421
Carb_anhydrase	13	1	15116	956	0.572445554946421	0.572445554946421
DHC_N2	13	1	15116	956	0.572445554946421	0.572445554946421
GTP_EFTU_D2	13	1	15116	956	0.572445554946421	0.572445554946421
Kelch_1	13	1	15116	956	0.572445554946421	0.572445554946421
MRJP	13	1	15116	956	0.572445554946421	0.572445554946421
OB_NTP_bind	13	1	15116	956	0.572445554946421	0.572445554946421
Ldl_recept_a	30	2	15116	956	0.574079387217259	0.574079387217259
C2-set_2	31	2	15116	956	0.592142046979814	0.592142046979814
Arrestin_C	14	1	15116	956	0.599509187964445	0.599509187964445
Arrestin_N	14	1	15116	956	0.599509187964445	0.599509187964445
CD36	14	1	15116	956	0.599509187964445	0.599509187964445
FYVE	14	1	15116	956	0.599509187964445	0.599509187964445
HA2	14	1	15116	956	0.599509187964445	0.599509187964445
zf-C2H2_4	32	2	15116	956	0.609626406273251	0.609626406273251
PCI	15	1	15116	956	0.624861407293408	0.624861407293408
E1_DerP2_DerF2	16	1	15116	956	0.64861033084996	0.64861033084996
Propep_M14	16	1	15116	956	0.64861033084996	0.64861033084996
FHA	17	1	15116	956	0.670857252949791	0.670857252949791
LRR_1	17	1	15116	956	0.670857252949791	0.670857252949791
LSM	17	1	15116	956	0.670857252949791	0.670857252949791
TUDOR	17	1	15116	956	0.670857252949791	0.670857252949791
Acetyltransf_1	18	1	15116	956	0.6916970745393	0.6916970745393
Cyclin_N	18	1	15116	956	0.6916970745393	0.6916970745393
MADF_DNA_bdg	19	1	15116	956	0.711218706327645	0.711218706327645
ABC_membrane	20	1	15116	956	0.729505446524424	0.729505446524424
CAP	20	1	15116	956	0.729505446524424	0.729505446524424
ELO	20	1	15116	956	0.729505446524424	0.729505446524424
WW	20	1	15116	956	0.729505446524424	0.729505446524424
AMP-binding_C	21	1	15116	956	0.746635334781091	0.746635334781091
An_peroxidase	21	1	15116	956	0.746635334781091	0.746635334781091
Helicase_C	80	4	15116	956	0.753164880625716	0.753164880625716
EGF_CA	22	1	15116	956	0.76268148383371	0.76268148383371
Guanylate_cyc	22	1	15116	956	0.76268148383371	0.76268148383371
ubiquitin	22	1	15116	956	0.76268148383371	0.76268148383371
Ank_2	82	4	15116	956	0.770133949931634	0.770133949931634
Acyl_transf_3	23	1	15116	956	0.777712390250496	0.777712390250496
CLIP	23	1	15116	956	0.777712390250496	0.777712390250496
PHD	23	1	15116	956	0.777712390250496	0.777712390250496
RabGAP-TBC	23	1	15116	956	0.777712390250496	0.777712390250496
TPR_8	23	1	15116	956	0.777712390250496	0.777712390250496
zf-RING_2	23	1	15116	956	0.777712390250496	0.777712390250496
BACK	24	1	15116	956	0.791792225599368	0.791792225599368
GST_C	24	1	15116	956	0.791792225599368	0.791792225599368
ASC	27	1	15116	956	0.828907755869299	0.828907755869299
LRR_6	27	1	15116	956	0.828907755869299	0.828907755869299
TIL	27	1	15116	956	0.828907755869299	0.828907755869299
zf-C3HC4_3	27	1	15116	956	0.828907755869299	0.828907755869299
LRR_8	147	7	15116	956	0.82904186100305	0.82904186100305
Lipase	28	1	15116	956	0.839747717787846	0.839747717787846
Metallophos	28	1	15116	956	0.839747717787846	0.839747717787846
F-box-like	29	1	15116	956	0.849901560695774	0.849901560695774
Pkinase_Tyr	53	2	15116	956	0.856956896856497	0.856956896856497
Cadherin	31	1	15116	956	0.868321690897609	0.868321690897609
DUF4806	31	1	15116	956	0.868321690897609	0.868321690897609
DnaJ	33	1	15116	956	0.884483369047778	0.884483369047778
Homeobox	86	3	15116	956	0.915430920733395	0.915430920733395
AAA	41	1	15116	956	0.931595031083168	0.931595031083168
zf-C2H2	268	11	15116	956	0.9562179065502	0.9562179065502
HLH	49	1	15116	956	0.959504575856007	0.959504575856007
ABC_tran	55	1	15116	956	0.97267484247552	0.97267484247552
zf-C2H2_6	56	1	15116	956	0.974409312337641	0.974409312337641
PBP_GOBP	61	1	15116	956	0.981564749527744	0.981564749527744
CBM_14	101	2	15116	956	0.98952255862693	0.98952255862693
7tm_6	77	1	15116	956	0.99355036756981	0.99355036756981
WD40	131	2	15116	956	0.998166731188077	0.998166731188077
Chitin_bind_4	167	3	15116	956	0.998678273485885	0.998678273485885
p450	114	1	15116	956	0.999433959718715	0.999433959718715
Trypsin	337	4	15116	956	0.999999495471688	0.999999495471688
