annot	freq_in_pop	freq_in_int	total_ano_in_pop	total_ano_in_int	pval	pval_adj
ELO	20	9	15144	975	1.61157586849369e-06	0.000920209820909898
Fibrinogen_C	51	12	15144	975	7.24255252691151e-05	0.0189927026487845
GSHPx	3	3	15144	975	0.000266097410140588	0.0189927026487845
Hemopexin	3	3	15144	975	0.000266097410140588	0.0189927026487845
Laminin_N	6	4	15144	975	0.000230646000163036	0.0189927026487845
Peptidase_M10	3	3	15144	975	0.000266097410140588	0.0189927026487845
PG_binding_1	3	3	15144	975	0.000266097410140588	0.0189927026487845
SBP56	3	3	15144	975	0.000266097410140588	0.0189927026487845
Snf7	7	4	15144	975	0.000510683651228864	0.0324000405390757
TIR	12	5	15144	975	0.000592067637624804	0.0338070621083763
Hemocyanin_N	18	6	15144	975	0.000665120665920124	0.0345258091127628
KAsynt_C_assoc	4	3	15144	975	0.00101314203155569	0.0385669400012198
KR	4	3	15144	975	0.00101314203155569	0.0385669400012198
PS-DH	4	3	15144	975	0.00101314203155569	0.0385669400012198
Thioesterase	4	3	15144	975	0.00101314203155569	0.0385669400012198
EcKinase	45	9	15144	975	0.00198088426708289	0.0706928072815206
ALIX_LYPXL_bnd	2	2	15144	975	0.00414105548237285	0.0738919587635906
ANTH	2	2	15144	975	0.00414105548237285	0.0738919587635906
C4	2	2	15144	975	0.00414105548237285	0.0738919587635906
Glyco_transf_25	2	2	15144	975	0.00414105548237285	0.0738919587635906
Hemocyanin_M	16	5	15144	975	0.00263002839521493	0.0738919587635906
I_LWEQ	2	2	15144	975	0.00414105548237285	0.0738919587635906
ketoacyl-synt	5	3	15144	975	0.00241130956077749	0.0738919587635906
Ketoacyl-synt_C	5	3	15144	975	0.00241130956077749	0.0738919587635906
M20_dimer	2	2	15144	975	0.00414105548237285	0.0738919587635906
NAD_binding_4	17	5	15144	975	0.00353054462887111	0.0738919587635906
Ninjurin	11	4	15144	975	0.00390885655034727	0.0738919587635906
Peptidase_M20	2	2	15144	975	0.00414105548237285	0.0738919587635906
PID	10	4	15144	975	0.00262005639073373	0.0738919587635906
RabGAP-TBC	23	6	15144	975	0.00274144586078048	0.0738919587635906
Sterile	17	5	15144	975	0.00353054462887111	0.0738919587635906
Vps5	2	2	15144	975	0.00414105548237285	0.0738919587635906
EMP24_GP25L	6	3	15144	975	0.00459197312139195	0.0749147614947087
Laminin_B	6	3	15144	975	0.00459197312139195	0.0749147614947087
PP-binding	6	3	15144	975	0.00459197312139195	0.0749147614947087
Laminin_EGF	12	4	15144	975	0.00556725100670851	0.0859162249954206
PH	43	8	15144	975	0.0055370596981203	0.0859162249954206
Hemocyanin_C	19	5	15144	975	0.00595873135713385	0.0895377790769324
7tm_2	13	4	15144	975	0.00763655437233817	0.108219745999969
Collagen	7	3	15144	975	0.00765294022401427	0.108219745999969
Neur_chan_LBD	28	6	15144	975	0.0077705947215389	0.108219745999969
BRO1	3	2	15144	975	0.0118909716268374	0.133132250959297
C_tripleX	3	2	15144	975	0.0118909716268374	0.133132250959297
Ctr	3	2	15144	975	0.0118909716268374	0.133132250959297
DUF229	3	2	15144	975	0.0118909716268374	0.133132250959297
DUF3694	3	2	15144	975	0.0118909716268374	0.133132250959297
Ets	8	3	15144	975	0.0116631165213059	0.133132250959297
FERM_M	22	5	15144	975	0.0114956773439959	0.133132250959297
Glyco_hydro_35	3	2	15144	975	0.0118909716268374	0.133132250959297
PQ-loop	8	3	15144	975	0.0116631165213059	0.133132250959297
Sacchrp_dh_NADP	3	2	15144	975	0.0118909716268374	0.133132250959297
4_1_CTD	1	1	15144	975	0.0643819334389858	0.16941052531641
ABC_tran	56	8	15144	975	0.0260787220517606	0.16941052531641
ABC2_membrane	19	4	15144	975	0.030445385858942	0.16941052531641
AC_N	6	2	15144	975	0.0522147069338243	0.16941052531641
Acyltransferase	17	4	15144	975	0.0206997073824002	0.16941052531641
ADH_zinc_N	14	3	15144	975	0.0568269197054673	0.16941052531641
Aha1_N	1	1	15144	975	0.0643819334389858	0.16941052531641
AHSA1	1	1	15144	975	0.0643819334389858	0.16941052531641
ALAD	1	1	15144	975	0.0643819334389858	0.16941052531641
Alpha_adaptin_C	1	1	15144	975	0.0643819334389858	0.16941052531641
Alpha_adaptinC2	5	2	15144	975	0.0363404623296801	0.16941052531641
Amidase	6	2	15144	975	0.0522147069338243	0.16941052531641
Amnionless	1	1	15144	975	0.0643819334389858	0.16941052531641
Aph-1	1	1	15144	975	0.0643819334389858	0.16941052531641
APS_kinase	1	1	15144	975	0.0643819334389858	0.16941052531641
Asp_protease_2	1	1	15144	975	0.0643819334389858	0.16941052531641
Asparaginase	1	1	15144	975	0.0643819334389858	0.16941052531641
ATG13	1	1	15144	975	0.0643819334389858	0.16941052531641
ATP-sulfurylase	1	1	15144	975	0.0643819334389858	0.16941052531641
B2-adapt-app_C	1	1	15144	975	0.0643819334389858	0.16941052531641
BAG	1	1	15144	975	0.0643819334389858	0.16941052531641
Bax1-I	4	2	15144	975	0.0227688012221191	0.16941052531641
BLM10_mid	1	1	15144	975	0.0643819334389858	0.16941052531641
Bravo_FIGEY	1	1	15144	975	0.0643819334389858	0.16941052531641
BRICHOS	1	1	15144	975	0.0643819334389858	0.16941052531641
CAP_C	1	1	15144	975	0.0643819334389858	0.16941052531641
CAP_N	1	1	15144	975	0.0643819334389858	0.16941052531641
CBF_beta	1	1	15144	975	0.0643819334389858	0.16941052531641
CG-1	1	1	15144	975	0.0643819334389858	0.16941052531641
Cg6151-P	1	1	15144	975	0.0643819334389858	0.16941052531641
Clathrin_H_link	1	1	15144	975	0.0643819334389858	0.16941052531641
Clathrin_lg_ch	1	1	15144	975	0.0643819334389858	0.16941052531641
Clathrin_propel	1	1	15144	975	0.0643819334389858	0.16941052531641
Clathrin-link	1	1	15144	975	0.0643819334389858	0.16941052531641
Cofilin_ADF	6	2	15144	975	0.0522147069338243	0.16941052531641
CTP_transf_3	1	1	15144	975	0.0643819334389858	0.16941052531641
DBB	1	1	15144	975	0.0643819334389858	0.16941052531641
Dopey_N	1	1	15144	975	0.0643819334389858	0.16941052531641
DUF1431	1	1	15144	975	0.0643819334389858	0.16941052531641
DUF1619	1	1	15144	975	0.0643819334389858	0.16941052531641
DUF1681	1	1	15144	975	0.0643819334389858	0.16941052531641
DUF1866	1	1	15144	975	0.0643819334389858	0.16941052531641
DUF1907	1	1	15144	975	0.0643819334389858	0.16941052531641
DUF2045	1	1	15144	975	0.0643819334389858	0.16941052531641
DUF2615	1	1	15144	975	0.0643819334389858	0.16941052531641
DUF3105	1	1	15144	975	0.0643819334389858	0.16941052531641
DUF3350	1	1	15144	975	0.0643819334389858	0.16941052531641
DUF3421	6	2	15144	975	0.0522147069338243	0.16941052531641
DUF3437	1	1	15144	975	0.0643819334389858	0.16941052531641
DUF4339	1	1	15144	975	0.0643819334389858	0.16941052531641
DUF4371	1	1	15144	975	0.0643819334389858	0.16941052531641
DUF4803	1	1	15144	975	0.0643819334389858	0.16941052531641
DUF4976	1	1	15144	975	0.0643819334389858	0.16941052531641
Dynamin_N	5	2	15144	975	0.0363404623296801	0.16941052531641
EF-hand_4	4	2	15144	975	0.0227688012221191	0.16941052531641
EF-hand_6	6	2	15144	975	0.0522147069338243	0.16941052531641
ER_lumen_recept	4	2	15144	975	0.0227688012221191	0.16941052531641
ERO1	1	1	15144	975	0.0643819334389858	0.16941052531641
FA	5	2	15144	975	0.0363404623296801	0.16941052531641
Fascin	1	1	15144	975	0.0643819334389858	0.16941052531641
Fer4_21	1	1	15144	975	0.0643819334389858	0.16941052531641
FERM_f0	1	1	15144	975	0.0643819334389858	0.16941052531641
FERM_N	11	3	15144	975	0.0297282838220701	0.16941052531641
Ferritin	1	1	15144	975	0.0643819334389858	0.16941052531641
FGE-sulfatase	1	1	15144	975	0.0643819334389858	0.16941052531641
FMO-like	4	2	15144	975	0.0227688012221191	0.16941052531641
FYVE	14	3	15144	975	0.0568269197054673	0.16941052531641
GATA	6	2	15144	975	0.0522147069338243	0.16941052531641
Glyco_hydro_2	1	1	15144	975	0.0643819334389858	0.16941052531641
Glyco_hydro_2_C	1	1	15144	975	0.0643819334389858	0.16941052531641
Glyco_hydro_2_N	1	1	15144	975	0.0643819334389858	0.16941052531641
Glyco_hydro_30	1	1	15144	975	0.0643819334389858	0.16941052531641
Glyco_hydro_30C	1	1	15144	975	0.0643819334389858	0.16941052531641
Glyco_hydro_56	1	1	15144	975	0.0643819334389858	0.16941052531641
Glyco_hydro_85	1	1	15144	975	0.0643819334389858	0.16941052531641
Glyco_tranf_2_4	1	1	15144	975	0.0643819334389858	0.16941052531641
Glyco_trans_2_3	1	1	15144	975	0.0643819334389858	0.16941052531641
Glyco_transf_17	1	1	15144	975	0.0643819334389858	0.16941052531641
Glyco_transf_21	1	1	15144	975	0.0643819334389858	0.16941052531641
GRAM	5	2	15144	975	0.0363404623296801	0.16941052531641
HECT	14	3	15144	975	0.0568269197054673	0.16941052531641
Hrs_helical	1	1	15144	975	0.0643819334389858	0.16941052531641
HS1_rep	1	1	15144	975	0.0643819334389858	0.16941052531641
hSac2	1	1	15144	975	0.0643819334389858	0.16941052531641
Integrin_B_tail	1	1	15144	975	0.0643819334389858	0.16941052531641
IQ_SEC7_PH	1	1	15144	975	0.0643819334389858	0.16941052531641
Ist1	1	1	15144	975	0.0643819334389858	0.16941052531641
Jun	1	1	15144	975	0.0643819334389858	0.16941052531641
JUPITER	1	1	15144	975	0.0643819334389858	0.16941052531641
Laminin_I	1	1	15144	975	0.0643819334389858	0.16941052531641
Laminin_II	1	1	15144	975	0.0643819334389858	0.16941052531641
MARVEL	4	2	15144	975	0.0227688012221191	0.16941052531641
Mem_trans	1	1	15144	975	0.0643819334389858	0.16941052531641
Metallophos_2	1	1	15144	975	0.0643819334389858	0.16941052531641
Metallophos_C	1	1	15144	975	0.0643819334389858	0.16941052531641
MGAT2	1	1	15144	975	0.0643819334389858	0.16941052531641
MGC-24	1	1	15144	975	0.0643819334389858	0.16941052531641
MIP-T3	1	1	15144	975	0.0643819334389858	0.16941052531641
MITF_TFEB_C_3_N	1	1	15144	975	0.0643819334389858	0.16941052531641
muHD	1	1	15144	975	0.0643819334389858	0.16941052531641
Myelin_PLP	1	1	15144	975	0.0643819334389858	0.16941052531641
Na_H_Exchanger	5	2	15144	975	0.0363404623296801	0.16941052531641
NACHT	1	1	15144	975	0.0643819334389858	0.16941052531641
NAD_Gly3P_dh_C	1	1	15144	975	0.0643819334389858	0.16941052531641
NAD_Gly3P_dh_N	1	1	15144	975	0.0643819334389858	0.16941052531641
NCU-G1	1	1	15144	975	0.0643819334389858	0.16941052531641
NHR2	1	1	15144	975	0.0643819334389858	0.16941052531641
Nramp	1	1	15144	975	0.0643819334389858	0.16941052531641
NTP_transf_7	1	1	15144	975	0.0643819334389858	0.16941052531641
OLF	1	1	15144	975	0.0643819334389858	0.16941052531641
P21-Arc	1	1	15144	975	0.0643819334389858	0.16941052531641
P34-Arc	1	1	15144	975	0.0643819334389858	0.16941052531641
p450	114	13	15144	975	0.0315364317063207	0.16941052531641
PA	6	2	15144	975	0.0522147069338243	0.16941052531641
PaaSYMP	1	1	15144	975	0.0643819334389858	0.16941052531641
Pacs-1	1	1	15144	975	0.0643819334389858	0.16941052531641
PDEase_I_N	1	1	15144	975	0.0643819334389858	0.16941052531641
PEN-2	1	1	15144	975	0.0643819334389858	0.16941052531641
Peptidase_M28	11	3	15144	975	0.0297282838220701	0.16941052531641
PI31_Prot_N	1	1	15144	975	0.0643819334389858	0.16941052531641
Preseq_ALAS	1	1	15144	975	0.0643819334389858	0.16941052531641
PRKCSH	1	1	15144	975	0.0643819334389858	0.16941052531641
PTN_MK_C	1	1	15144	975	0.0643819334389858	0.16941052531641
PUA_2	1	1	15144	975	0.0643819334389858	0.16941052531641
PUF	1	1	15144	975	0.0643819334389858	0.16941052531641
Pur_ac_phosph_N	1	1	15144	975	0.0643819334389858	0.16941052531641
RA	13	3	15144	975	0.0468255835436462	0.16941052531641
Ras	57	8	15144	975	0.0286879524452899	0.16941052531641
RhoGAP	21	4	15144	975	0.0424809522454992	0.16941052531641
RHS_repeat	1	1	15144	975	0.0643819334389858	0.16941052531641
Rogdi_lz	1	1	15144	975	0.0643819334389858	0.16941052531641
Sacchrp_dh_C	1	1	15144	975	0.0643819334389858	0.16941052531641
SAM_PNT	6	2	15144	975	0.0522147069338243	0.16941052531641
Sec15	1	1	15144	975	0.0643819334389858	0.16941052531641
Sec5	1	1	15144	975	0.0643819334389858	0.16941052531641
Sec7	5	2	15144	975	0.0363404623296801	0.16941052531641
Serinc	1	1	15144	975	0.0643819334389858	0.16941052531641
SH3_1	26	5	15144	975	0.0232226946484259	0.16941052531641
SH3BGR	1	1	15144	975	0.0643819334389858	0.16941052531641
Siah-Interact_N	1	1	15144	975	0.0643819334389858	0.16941052531641
SLC12	5	2	15144	975	0.0363404623296801	0.16941052531641
SNAP-25	1	1	15144	975	0.0643819334389858	0.16941052531641
SNARE	6	2	15144	975	0.0522147069338243	0.16941052531641
SPT_ssu-like	1	1	15144	975	0.0643819334389858	0.16941052531641
Sushi	9	3	15144	975	0.0166666522044312	0.16941052531641
Syja_N	4	2	15144	975	0.0227688012221191	0.16941052531641
Synaptobrevin	6	2	15144	975	0.0522147069338243	0.16941052531641
Talin_middle	1	1	15144	975	0.0643819334389858	0.16941052531641
Thiol-ester_cl	5	2	15144	975	0.0363404623296801	0.16941052531641
Thymosin	1	1	15144	975	0.0643819334389858	0.16941052531641
TIG	5	2	15144	975	0.0363404623296801	0.16941052531641
TMEM132	1	1	15144	975	0.0643819334389858	0.16941052531641
TMEM132D_C	1	1	15144	975	0.0643819334389858	0.16941052531641
Tmemb_55A	1	1	15144	975	0.0643819334389858	0.16941052531641
Tmemb_9	1	1	15144	975	0.0643819334389858	0.16941052531641
TNF	1	1	15144	975	0.0643819334389858	0.16941052531641
Trehalase	1	1	15144	975	0.0643819334389858	0.16941052531641
TSP_1	14	3	15144	975	0.0568269197054673	0.16941052531641
UPF0220	1	1	15144	975	0.0643819334389858	0.16941052531641
Vac14_Fab1_bd	1	1	15144	975	0.0643819334389858	0.16941052531641
Vac14_Fig4_bd	1	1	15144	975	0.0643819334389858	0.16941052531641
VBS	1	1	15144	975	0.0643819334389858	0.16941052531641
VHS	4	2	15144	975	0.0227688012221191	0.16941052531641
Vps39_1	1	1	15144	975	0.0643819334389858	0.16941052531641
Vps39_2	1	1	15144	975	0.0643819334389858	0.16941052531641
Vta1	1	1	15144	975	0.0643819334389858	0.16941052531641
Aldo_ket_red	15	3	15144	975	0.067745540785589	0.176633350632746
Ricin_B_lectin	15	3	15144	975	0.067745540785589	0.176633350632746
AA_permease	7	2	15144	975	0.0700394136177482	0.178537969534528
bZIP_1	7	2	15144	975	0.0700394136177482	0.178537969534528
CAP_GLY	7	2	15144	975	0.0700394136177482	0.178537969534528
Sulfatase	7	2	15144	975	0.0700394136177482	0.178537969534528
zf-LITAF-like	7	2	15144	975	0.0700394136177482	0.178537969534528
EF-hand_7	47	6	15144	975	0.0794563470740112	0.201642551907824
Clat_adaptor_s	8	2	15144	975	0.0894981793165623	0.224137984165601
FCH	8	2	15144	975	0.0894981793165623	0.224137984165601
PDEase_I	8	2	15144	975	0.0894981793165623	0.224137984165601
EGF	27	4	15144	975	0.0922333048313207	0.228979204602974
Glycos_transf_2	17	3	15144	975	0.0921419966060797	0.228979204602974
ACAS_N	2	1	15144	975	0.124622811395599	0.235627898367176
Adaptin_N	9	2	15144	975	0.110307187062885	0.235627898367176
AlaDh_PNT_N	2	1	15144	975	0.124622811395599	0.235627898367176
Aldose_epim	2	1	15144	975	0.124622811395599	0.235627898367176
AMP_N	2	1	15144	975	0.124622811395599	0.235627898367176
Ank_5	9	2	15144	975	0.110307187062885	0.235627898367176
ArfGap	9	2	15144	975	0.110307187062885	0.235627898367176
BetaGal_dom4_5	2	1	15144	975	0.124622811395599	0.235627898367176
CEBP_ZZ	2	1	15144	975	0.124622811395599	0.235627898367176
Choline_kinase	2	1	15144	975	0.124622811395599	0.235627898367176
CUT	2	1	15144	975	0.124622811395599	0.235627898367176
Destabilase	2	1	15144	975	0.124622811395599	0.235627898367176
DHO_dh	2	1	15144	975	0.124622811395599	0.235627898367176
DSL	2	1	15144	975	0.124622811395599	0.235627898367176
DUF1053	2	1	15144	975	0.124622811395599	0.235627898367176
DUF1394	2	1	15144	975	0.124622811395599	0.235627898367176
DUF2236	2	1	15144	975	0.124622811395599	0.235627898367176
DUF2367	2	1	15144	975	0.124622811395599	0.235627898367176
DUF4704	2	1	15144	975	0.124622811395599	0.235627898367176
DUF4800	2	1	15144	975	0.124622811395599	0.235627898367176
Dynamin_M	2	1	15144	975	0.124622811395599	0.235627898367176
EHD_N	2	1	15144	975	0.124622811395599	0.235627898367176
Ephrin_rec_like	2	1	15144	975	0.124622811395599	0.235627898367176
EST1	2	1	15144	975	0.124622811395599	0.235627898367176
EST1_DNA_bind	2	1	15144	975	0.124622811395599	0.235627898367176
Fer4_20	2	1	15144	975	0.124622811395599	0.235627898367176
GAS2	2	1	15144	975	0.124622811395599	0.235627898367176
GED	2	1	15144	975	0.124622811395599	0.235627898367176
Glyco_tran_10_N	2	1	15144	975	0.124622811395599	0.235627898367176
Glyco_transf_10	2	1	15144	975	0.124622811395599	0.235627898367176
Got1	2	1	15144	975	0.124622811395599	0.235627898367176
Integrin_b_cyt	2	1	15144	975	0.124622811395599	0.235627898367176
Integrin_beta	2	1	15144	975	0.124622811395599	0.235627898367176
Keratin_assoc	2	1	15144	975	0.124622811395599	0.235627898367176
KIF1B	2	1	15144	975	0.124622811395599	0.235627898367176
Lectin_leg-like	2	1	15144	975	0.124622811395599	0.235627898367176
LUC7	2	1	15144	975	0.124622811395599	0.235627898367176
MAM	2	1	15144	975	0.124622811395599	0.235627898367176
Melibiase_2	2	1	15144	975	0.124622811395599	0.235627898367176
Melibiase_2_C	2	1	15144	975	0.124622811395599	0.235627898367176
Methuselah_N	2	1	15144	975	0.124622811395599	0.235627898367176
MFS_1	63	7	15144	975	0.109146487761668	0.235627898367176
MFS_2	2	1	15144	975	0.124622811395599	0.235627898367176
MIG-14_Wnt-bd	2	1	15144	975	0.124622811395599	0.235627898367176
Mod_r	2	1	15144	975	0.124622811395599	0.235627898367176
O-FucT	2	1	15144	975	0.124622811395599	0.235627898367176
OSR1_C	2	1	15144	975	0.124622811395599	0.235627898367176
Pentaxin	2	1	15144	975	0.124622811395599	0.235627898367176
PET	2	1	15144	975	0.124622811395599	0.235627898367176
PH_BEACH	2	1	15144	975	0.124622811395599	0.235627898367176
PRKCSH-like	2	1	15144	975	0.124622811395599	0.235627898367176
PSI_integrin	2	1	15144	975	0.124622811395599	0.235627898367176
PTPLA	2	1	15144	975	0.124622811395599	0.235627898367176
PX	18	3	15144	975	0.105512335787162	0.235627898367176
RBD-FIP	2	1	15144	975	0.124622811395599	0.235627898367176
Ribosomal_L37e	2	1	15144	975	0.124622811395599	0.235627898367176
RRM_7	2	1	15144	975	0.124622811395599	0.235627898367176
SAM_2	9	2	15144	975	0.110307187062885	0.235627898367176
SecA_DEAD	2	1	15144	975	0.124622811395599	0.235627898367176
Serpin	18	3	15144	975	0.105512335787162	0.235627898367176
SNARE_assoc	2	1	15144	975	0.124622811395599	0.235627898367176
SNF	19	3	15144	975	0.119587388898704	0.235627898367176
Somatomedin_B	2	1	15144	975	0.124622811395599	0.235627898367176
Sulfotransfer_1	18	3	15144	975	0.105512335787162	0.235627898367176
Syntaxin	2	1	15144	975	0.124622811395599	0.235627898367176
Syntaxin_2	2	1	15144	975	0.124622811395599	0.235627898367176
Tox-GHH	2	1	15144	975	0.124622811395599	0.235627898367176
Tweety	2	1	15144	975	0.124622811395599	0.235627898367176
UIM	2	1	15144	975	0.124622811395599	0.235627898367176
vATP-synt_AC39	2	1	15144	975	0.124622811395599	0.235627898367176
VMA21	2	1	15144	975	0.124622811395599	0.235627898367176
Vps26	2	1	15144	975	0.124622811395599	0.235627898367176
Aminotran_1_2	10	2	15144	975	0.132212328368889	0.247518818028313
hEGF	10	2	15144	975	0.132212328368889	0.247518818028313
Pyr_redox_2	10	2	15144	975	0.132212328368889	0.247518818028313
AMP-binding_C	21	3	15144	975	0.149611796400834	0.279177567793713
A2M_N	11	2	15144	975	0.154986560490404	0.285475245290389
ABC2_membrane_3	11	2	15144	975	0.154986560490404	0.285475245290389
FERM_C	11	2	15144	975	0.154986560490404	0.285475245290389
Peptidase_C1	11	2	15144	975	0.154986560490404	0.285475245290389
4HBT_2	3	1	15144	975	0.18098873127998	0.292760808954302
A_deaminase_N	3	1	15144	975	0.18098873127998	0.292760808954302
A2M_recep	12	2	15144	975	0.178427480303046	0.292760808954302
Activin_recp	3	1	15144	975	0.18098873127998	0.292760808954302
Acyl_transf_1	3	1	15144	975	0.18098873127998	0.292760808954302
B9-C2	3	1	15144	975	0.18098873127998	0.292760808954302
Band_3_cyto	3	1	15144	975	0.18098873127998	0.292760808954302
bZIP_Maf	3	1	15144	975	0.18098873127998	0.292760808954302
Choline_transpo	3	1	15144	975	0.18098873127998	0.292760808954302
CRAL_TRIO	45	5	15144	975	0.161387673221111	0.292760808954302
dDENN	3	1	15144	975	0.18098873127998	0.292760808954302
DUF4779	3	1	15144	975	0.18098873127998	0.292760808954302
EGF_CA	22	3	15144	975	0.16543999021829	0.292760808954302
FG-GAP	3	1	15144	975	0.18098873127998	0.292760808954302
GDI	3	1	15144	975	0.18098873127998	0.292760808954302
Glyco_transf_43	3	1	15144	975	0.18098873127998	0.292760808954302
Glyco_transf_49	3	1	15144	975	0.18098873127998	0.292760808954302
Guanylate_cyc	22	3	15144	975	0.16543999021829	0.292760808954302
HCO3_cotransp	3	1	15144	975	0.18098873127998	0.292760808954302
HYR	3	1	15144	975	0.18098873127998	0.292760808954302
IPK	3	1	15144	975	0.18098873127998	0.292760808954302
Kinesin_assoc	3	1	15144	975	0.18098873127998	0.292760808954302
Lamp	3	1	15144	975	0.18098873127998	0.292760808954302
Longin	3	1	15144	975	0.18098873127998	0.292760808954302
LysM	3	1	15144	975	0.18098873127998	0.292760808954302
MAPEG	3	1	15144	975	0.18098873127998	0.292760808954302
PDZ	59	6	15144	975	0.17781338454755	0.292760808954302
PH_9	3	1	15144	975	0.18098873127998	0.292760808954302
PLAC	3	1	15144	975	0.18098873127998	0.292760808954302
PTEN_C2	3	1	15144	975	0.18098873127998	0.292760808954302
RBD	3	1	15144	975	0.18098873127998	0.292760808954302
Scramblase	3	1	15144	975	0.18098873127998	0.292760808954302
SHR-BD	3	1	15144	975	0.18098873127998	0.292760808954302
SPARC_Ca_bdg	3	1	15144	975	0.18098873127998	0.292760808954302
SPRY	12	2	15144	975	0.178427480303046	0.292760808954302
TIR_2	3	1	15144	975	0.18098873127998	0.292760808954302
UNC-93	3	1	15144	975	0.18098873127998	0.292760808954302
VHP	3	1	15144	975	0.18098873127998	0.292760808954302
Voltage_CLC	3	1	15144	975	0.18098873127998	0.292760808954302
VPS13	3	1	15144	975	0.18098873127998	0.292760808954302
XK-related	3	1	15144	975	0.18098873127998	0.292760808954302
Yippee-Mis18	3	1	15144	975	0.18098873127998	0.292760808954302
zf-A20	3	1	15144	975	0.18098873127998	0.292760808954302
zf-RING_2	23	3	15144	975	0.181731872030796	0.293132482851933
A2M_comp	13	2	15144	975	0.202355097895665	0.323654792432562
A2M_N_2	13	2	15144	975	0.202355097895665	0.323654792432562
Arf	13	2	15144	975	0.202355097895665	0.323654792432562
CH	25	3	15144	975	0.215471779937413	0.341762184289619
JHBP	25	3	15144	975	0.215471779937413	0.341762184289619
RhoGEF	25	3	15144	975	0.215471779937413	0.341762184289619
A2M	14	2	15144	975	0.226609794260697	0.343966732599349
Actin	14	2	15144	975	0.226609794260697	0.343966732599349
ADAM_CR	4	1	15144	975	0.233728707965933	0.343966732599349
ADAM_spacer1	4	1	15144	975	0.233728707965933	0.343966732599349
AMP-binding	26	3	15144	975	0.232806239468	0.343966732599349
C2	38	4	15144	975	0.22683585778179	0.343966732599349
Ca_chan_IQ	4	1	15144	975	0.233728707965933	0.343966732599349
Clathrin	4	1	15144	975	0.233728707965933	0.343966732599349
CUE	4	1	15144	975	0.233728707965933	0.343966732599349
Filamin	4	1	15144	975	0.233728707965933	0.343966732599349
Flavodoxin_1	4	1	15144	975	0.233728707965933	0.343966732599349
Fringe	4	1	15144	975	0.233728707965933	0.343966732599349
HRM	4	1	15144	975	0.233728707965933	0.343966732599349
Integrin_alpha2	4	1	15144	975	0.233728707965933	0.343966732599349
LRRCT	4	1	15144	975	0.233728707965933	0.343966732599349
MIB_HERC2	4	1	15144	975	0.233728707965933	0.343966732599349
Nucleoside_tran	4	1	15144	975	0.233728707965933	0.343966732599349
Oxysterol_BP	4	1	15144	975	0.233728707965933	0.343966732599349
PhoLip_ATPase_N	4	1	15144	975	0.233728707965933	0.343966732599349
PIN_4	4	1	15144	975	0.233728707965933	0.343966732599349
RasGAP	4	1	15144	975	0.233728707965933	0.343966732599349
Solute_trans_a	4	1	15144	975	0.233728707965933	0.343966732599349
Transferrin	4	1	15144	975	0.233728707965933	0.343966732599349
VPS13_C	4	1	15144	975	0.233728707965933	0.343966732599349
VPS9	4	1	15144	975	0.233728707965933	0.343966732599349
WAP	4	1	15144	975	0.233728707965933	0.343966732599349
WH1	4	1	15144	975	0.233728707965933	0.343966732599349
zf-AN1	4	1	15144	975	0.233728707965933	0.343966732599349
LRR_8	147	12	15144	975	0.237813031295818	0.349077740025481
zf-C3HC4_3	27	3	15144	975	0.250377856297585	0.366578861399798
1-cysPrx_C	5	1	15144	975	0.283075769374996	0.377654823161502
A_deaminase	5	1	15144	975	0.283075769374996	0.377654823161502
Adap_comp_sub	5	1	15144	975	0.283075769374996	0.377654823161502
AhpC-TSA	5	1	15144	975	0.283075769374996	0.377654823161502
Alpha-mann_mid	5	1	15144	975	0.283075769374996	0.377654823161502
Amidohydro_1	5	1	15144	975	0.283075769374996	0.377654823161502
ATP-synt_C	5	1	15144	975	0.283075769374996	0.377654823161502
CBS	5	1	15144	975	0.283075769374996	0.377654823161502
Chorein_N	5	1	15144	975	0.283075769374996	0.377654823161502
CTD_bind	5	1	15144	975	0.283075769374996	0.377654823161502
DAGK_acc	5	1	15144	975	0.283075769374996	0.377654823161502
DUF1943	5	1	15144	975	0.283075769374996	0.377654823161502
EB	5	1	15144	975	0.283075769374996	0.377654823161502
EGF_2	5	1	15144	975	0.283075769374996	0.377654823161502
Glyco_hydro_38	5	1	15144	975	0.283075769374996	0.377654823161502
Glyco_hydro_38C	5	1	15144	975	0.283075769374996	0.377654823161502
HSP90	5	1	15144	975	0.283075769374996	0.377654823161502
Hydrolase_4	5	1	15144	975	0.283075769374996	0.377654823161502
Ig_3	95	8	15144	975	0.267504383849433	0.377654823161502
Inhibitor_I29	5	1	15144	975	0.283075769374996	0.377654823161502
Inositol_P	5	1	15144	975	0.283075769374996	0.377654823161502
IRS	5	1	15144	975	0.283075769374996	0.377654823161502
Kunitz_BPTI	5	1	15144	975	0.283075769374996	0.377654823161502
Lipocalin	5	1	15144	975	0.283075769374996	0.377654823161502
Metallophos	28	3	15144	975	0.268134988113345	0.377654823161502
PBD	5	1	15144	975	0.283075769374996	0.377654823161502
Peptidase_M13	5	1	15144	975	0.283075769374996	0.377654823161502
Peptidase_M17	5	1	15144	975	0.283075769374996	0.377654823161502
PhoLip_ATPase_C	5	1	15144	975	0.283075769374996	0.377654823161502
Sec1	5	1	15144	975	0.283075769374996	0.377654823161502
uDENN	5	1	15144	975	0.283075769374996	0.377654823161502
V-SNARE_C	5	1	15144	975	0.283075769374996	0.377654823161502
VWA	5	1	15144	975	0.283075769374996	0.377654823161502
VWC	5	1	15144	975	0.283075769374996	0.377654823161502
Y_phosphatase	16	2	15144	975	0.275552722189996	0.377654823161502
zf-C2H2_11	5	1	15144	975	0.283075769374996	0.377654823161502
zf-H2C2_5	5	1	15144	975	0.283075769374996	0.377654823161502
ZU5	5	1	15144	975	0.283075769374996	0.377654823161502
GST_N_3	29	3	15144	975	0.286028387942509	0.380704451084319
SSF	17	2	15144	975	0.300007485601185	0.398382033205294
SH2	30	3	15144	975	0.304011319442325	0.402762096059321
Beach	6	1	15144	975	0.32924798186323	0.420582992491956
CNH	6	1	15144	975	0.32924798186323	0.420582992491956
CS	6	1	15144	975	0.32924798186323	0.420582992491956
DENN	6	1	15144	975	0.32924798186323	0.420582992491956
DEP	6	1	15144	975	0.32924798186323	0.420582992491956
FAD_binding_1	6	1	15144	975	0.32924798186323	0.420582992491956
G-alpha	6	1	15144	975	0.32924798186323	0.420582992491956
GPHH	6	1	15144	975	0.32924798186323	0.420582992491956
GST_C_2	6	1	15144	975	0.32924798186323	0.420582992491956
HATPase_c	6	1	15144	975	0.32924798186323	0.420582992491956
His_Phos_1	6	1	15144	975	0.32924798186323	0.420582992491956
HNOBA	6	1	15144	975	0.32924798186323	0.420582992491956
MyTH4	6	1	15144	975	0.32924798186323	0.420582992491956
Peptidase_M13_N	6	1	15144	975	0.32924798186323	0.420582992491956
Rap_GAP	6	1	15144	975	0.32924798186323	0.420582992491956
SAM_1	18	2	15144	975	0.324319379327937	0.420582992491956
LIM	32	3	15144	975	0.340071815315257	0.433439746752258
PBP_GOBP	61	5	15144	975	0.356352844076775	0.453179229327035
DnaJ	33	3	15144	975	0.358068994987169	0.45434976919483
ABC_membrane	20	2	15144	975	0.372194174266368	0.459327458002735
Amidase_2	7	1	15144	975	0.372449409904144	0.459327458002735
ANF_receptor	20	2	15144	975	0.372194174266368	0.459327458002735
Disintegrin	7	1	15144	975	0.372449409904144	0.459327458002735
His_Phos_2	7	1	15144	975	0.372449409904144	0.459327458002735
I-set	91	7	15144	975	0.370092638227469	0.459327458002735
KH_1	20	2	15144	975	0.372194174266368	0.459327458002735
Laminin_G_1	7	1	15144	975	0.372449409904144	0.459327458002735
PAP2	7	1	15144	975	0.372449409904144	0.459327458002735
Reprolysin	7	1	15144	975	0.372449409904144	0.459327458002735
Sema	7	1	15144	975	0.372449409904144	0.459327458002735
SOCS_box	7	1	15144	975	0.372449409904144	0.459327458002735
WW	20	2	15144	975	0.372194174266368	0.459327458002735
Kinesin	21	2	15144	975	0.395623898252213	0.486856133409512
Sugar_tr	50	4	15144	975	0.403358505114248	0.495306895527388
Cation_ATPase	8	1	15144	975	0.412871014273798	0.498413000317841
DAGK_cat	8	1	15144	975	0.412871014273798	0.498413000317841
DHC_N1	8	1	15144	975	0.412871014273798	0.498413000317841
FA_hydroxylase	8	1	15144	975	0.412871014273798	0.498413000317841
Ldl_recept_b	8	1	15144	975	0.412871014273798	0.498413000317841
Rhodanese	8	1	15144	975	0.412871014273798	0.498413000317841
Spectrin	8	1	15144	975	0.412871014273798	0.498413000317841
ZZ	8	1	15144	975	0.412871014273798	0.498413000317841
COesterase	51	4	15144	975	0.418139551136711	0.503708193457937
Ank	23	2	15144	975	0.44120518591511	0.527345988355569
BIR	9	1	15144	975	0.450691492675163	0.527345988355569
CLIP	23	2	15144	975	0.44120518591511	0.527345988355569
DnaJ_C	9	1	15144	975	0.450691492675163	0.527345988355569
FXa_inhibition	9	1	15144	975	0.450691492675163	0.527345988355569
Guanylate_kin	9	1	15144	975	0.450691492675163	0.527345988355569
NAD_binding_1	9	1	15144	975	0.450691492675163	0.527345988355569
Pkinase_Tyr	53	4	15144	975	0.447424901128523	0.527345988355569
SH3_9	23	2	15144	975	0.44120518591511	0.527345988355569
Trehalose_recp	9	1	15144	975	0.450691492675163	0.527345988355569
UBA	9	1	15144	975	0.450691492675163	0.527345988355569
Vitellogenin_N	9	1	15144	975	0.450691492675163	0.527345988355569
zf-CCHC	9	1	15144	975	0.450691492675163	0.527345988355569
Zip	9	1	15144	975	0.450691492675163	0.527345988355569
GST_C	24	2	15144	975	0.463275806814614	0.540962138427699
5_nucleotid_C	10	1	15144	975	0.486078066486971	0.560708234270829
Exo_endo_phos	10	1	15144	975	0.486078066486971	0.560708234270829
Laminin_G_2	25	2	15144	975	0.484823983064805	0.560708234270829
Peptidase_S28	10	1	15144	975	0.486078066486971	0.560708234270829
STAS	10	1	15144	975	0.486078066486971	0.560708234270829
TPR_11	10	1	15144	975	0.486078066486971	0.560708234270829
AAA_5	11	1	15144	975	0.519187217086627	0.584725642912158
AAA_6	11	1	15144	975	0.519187217086627	0.584725642912158
AAA_8	11	1	15144	975	0.519187217086627	0.584725642912158
Acyl-CoA_dh_N	11	1	15144	975	0.519187217086627	0.584725642912158
CN_hydrolase	11	1	15144	975	0.519187217086627	0.584725642912158
E1-E2_ATPase	11	1	15144	975	0.519187217086627	0.584725642912158
EF-hand_8	11	1	15144	975	0.519187217086627	0.584725642912158
HSP70	11	1	15144	975	0.519187217086627	0.584725642912158
Peptidase_M24	11	1	15144	975	0.519187217086627	0.584725642912158
RGS	11	1	15144	975	0.519187217086627	0.584725642912158
SH3_2	11	1	15144	975	0.519187217086627	0.584725642912158
Sulfate_transp	11	1	15144	975	0.519187217086627	0.584725642912158
AAA_7	12	1	15144	975	0.550165374976043	0.607629456695011
AAA_9	12	1	15144	975	0.550165374976043	0.607629456695011
Dynein_heavy	12	1	15144	975	0.550165374976043	0.607629456695011
Ion_trans_2	12	1	15144	975	0.550165374976043	0.607629456695011
Lipase	28	2	15144	975	0.546117137977323	0.607629456695011
Methyltransf_FA	12	1	15144	975	0.550165374976043	0.607629456695011
MT	12	1	15144	975	0.550165374976043	0.607629456695011
PI3_PI4_kinase	12	1	15144	975	0.550165374976043	0.607629456695011
Tubulin	12	1	15144	975	0.550165374976043	0.607629456695011
Tubulin_C	12	1	15144	975	0.550165374976043	0.607629456695011
Acyl-CoA_dh_1	13	1	15144	975	0.579149564732742	0.633514179046735
adh_short	46	3	15144	975	0.575738547719491	0.633514179046735
Astacin	13	1	15144	975	0.579149564732742	0.633514179046735
DHC_N2	13	1	15144	975	0.579149564732742	0.633514179046735
Pro_isomerase	13	1	15144	975	0.579149564732742	0.633514179046735
Ldl_recept_a	30	2	15144	975	0.584052375018299	0.637655652266633
7tm_1	81	5	15144	975	0.603706924486783	0.653167986640157
Acyl-CoA_dh_M	14	1	15144	975	0.606268008615207	0.653167986640157
Arrestin_C	14	1	15144	975	0.606268008615207	0.653167986640157
Arrestin_N	14	1	15144	975	0.606268008615207	0.653167986640157
C2-set_2	31	2	15144	975	0.602122219222576	0.653167986640157
CD36	14	1	15144	975	0.606268008615207	0.653167986640157
DSPc	14	1	15144	975	0.606268008615207	0.653167986640157
Ank_2	82	5	15144	975	0.614686854261545	0.660990948744524
Propep_M14	16	1	15144	975	0.655379889422504	0.70342465575235
cNMP_binding	17	1	15144	975	0.677590664661337	0.724539830564838
Peptidase_C14	17	1	15144	975	0.677590664661337	0.724539830564838
Mito_carr	36	2	15144	975	0.683550530189021	0.729546453715759
Acetyltransf_1	18	1	15144	975	0.698371328504478	0.741208231554009
FHA	18	1	15144	975	0.698371328504478	0.741208231554009
Tetraspannin	18	1	15144	975	0.698371328504478	0.741208231554009
zf-MYND	38	2	15144	975	0.712080722315954	0.754356386720612
CUB	20	1	15144	975	0.736004385315575	0.776817937181503
V-set	20	1	15144	975	0.736004385315575	0.776817937181503
An_peroxidase	21	1	15144	975	0.753023409668743	0.79039773331039
Ion_trans	41	2	15144	975	0.75080497589702	0.79039773331039
Neur_chan_memb	21	1	15144	975	0.753023409668743	0.79039773331039
Abhydrolase_1	22	1	15144	975	0.768946320174131	0.802684367128754
Thioredoxin	22	1	15144	975	0.768946320174131	0.802684367128754
ubiquitin	22	1	15144	975	0.768946320174131	0.802684367128754
C1_1	23	1	15144	975	0.783843644458632	0.815254500885025
TPR_8	23	1	15144	975	0.783843644458632	0.815254500885025
BACK	24	1	15144	975	0.79778137653011	0.826738958255341
HMG_box	24	1	15144	975	0.79778137653011	0.826738958255341
Cuticle_4	26	1	15144	975	0.823021100173563	0.8498102137416
UQ_con	26	1	15144	975	0.823021100173563	0.8498102137416
HLH	49	2	15144	975	0.832774434171577	0.856946673777785
Lig_chan	27	1	15144	975	0.834434939790627	0.856946673777785
LRR_6	27	1	15144	975	0.834434939790627	0.856946673777785
Histone	28	1	15144	975	0.845113376894824	0.86635500575753
F-box-like	29	1	15144	975	0.855103748522738	0.873460179618038
Peptidase_M14	29	1	15144	975	0.855103748522738	0.873460179618038
DUF4806	31	1	15144	975	0.873194618555315	0.890346655705509
zf-C2H2_4	32	1	15144	975	0.881375340245818	0.897086130624531
Pkinase	160	7	15144	975	0.89680507904665	0.911166726219995
Homeobox	87	3	15144	975	0.925015812669965	0.938159909475222
BTB	69	2	15144	975	0.942136359162345	0.951386038236732
fn3	43	1	15144	975	0.943055162245166	0.951386038236732
zf-met	43	1	15144	975	0.943055162245166	0.951386038236732
WD40	131	4	15144	975	0.972711578096236	0.979573740904675
Chitin_bind_4	167	1	15144	975	0.999986007220209	0.999986007220209
RRM_1	127	2	15144	975	0.997978632881534	0.999986007220209
Trypsin	337	7	15144	975	0.999956456546056	0.999986007220209
zf-C2H2	268	4	15144	975	0.99998039777405	0.999986007220209
