annot	freq_in_pop	freq_in_int	total_ano_in_pop	total_ano_in_int	pval	pval_adj
ELO	20	9	15144	1602	9.19289881548524e-05	0.0736618675908865
Ras	57	16	15144	1602	0.000194673606705936	0.0736618675908865
Snf7	7	5	15144	1602	0.00023019333622152	0.0736618675908865
HSP90	5	4	15144	1602	0.000571333194089913	0.109695973265263
Thioredoxin_6	5	4	15144	1602	0.000571333194089913	0.109695973265263
Amidase	6	4	15144	1602	0.00156982027228243	0.11592518933778
Cofilin_ADF	6	4	15144	1602	0.00156982027228243	0.11592518933778
GDI	3	3	15144	1602	0.00118178387846297	0.11592518933778
Glyco_hydro_35	3	3	15144	1602	0.00118178387846297	0.11592518933778
GSHPx	3	3	15144	1602	0.00118178387846297	0.11592518933778
HATPase_c	6	4	15144	1602	0.00156982027228243	0.11592518933778
SBP56	3	3	15144	1602	0.00118178387846297	0.11592518933778
SNARE	6	4	15144	1602	0.00156982027228243	0.11592518933778
PID	10	5	15144	1602	0.00210101239452065	0.144069421338559
Collagen	7	4	15144	1602	0.00335598952036365	0.181678769963028
EF-hand_4	4	3	15144	1602	0.00435272053036422	0.181678769963028
ER_lumen_recept	4	3	15144	1602	0.00435272053036422	0.181678769963028
KAsynt_C_assoc	4	3	15144	1602	0.00435272053036422	0.181678769963028
KR	4	3	15144	1602	0.00435272053036422	0.181678769963028
Ninjurin	11	5	15144	1602	0.00351799697409339	0.181678769963028
PH	43	11	15144	1602	0.00421891805764211	0.181678769963028
PS-DH	4	3	15144	1602	0.00435272053036422	0.181678769963028
Thioesterase	4	3	15144	1602	0.00435272053036422	0.181678769963028
Clat_adaptor_s	8	4	15144	1602	0.00615179810443581	0.218730599268829
NAD_binding_4	17	6	15144	1602	0.00613821804474915	0.218730599268829
Sterile	17	6	15144	1602	0.00613821804474915	0.218730599268829
Thioredoxin	22	7	15144	1602	0.00596118629932477	0.218730599268829
A_deamin	2	2	15144	1602	0.011184107179804	0.228441338140677
ALIX_LYPXL_bnd	2	2	15144	1602	0.011184107179804	0.228441338140677
ANTH	2	2	15144	1602	0.011184107179804	0.228441338140677
Arf	13	5	15144	1602	0.00818195957411831	0.228441338140677
BetaGal_dom4_5	2	2	15144	1602	0.011184107179804	0.228441338140677
C4	2	2	15144	1602	0.011184107179804	0.228441338140677
ER	2	2	15144	1602	0.011184107179804	0.228441338140677
Got1	2	2	15144	1602	0.011184107179804	0.228441338140677
I_LWEQ	2	2	15144	1602	0.011184107179804	0.228441338140677
ketoacyl-synt	5	3	15144	1602	0.0100248015347757	0.228441338140677
Ketoacyl-synt_C	5	3	15144	1602	0.0100248015347757	0.228441338140677
LON_substr_bdg	2	2	15144	1602	0.011184107179804	0.228441338140677
M20_dimer	2	2	15144	1602	0.011184107179804	0.228441338140677
OSR1_C	2	2	15144	1602	0.011184107179804	0.228441338140677
Peptidase_M20	2	2	15144	1602	0.011184107179804	0.228441338140677
PTPLA	2	2	15144	1602	0.011184107179804	0.228441338140677
RabGAP-TBC	23	7	15144	1602	0.00780005894320334	0.228441338140677
Snapin_Pallidin	2	2	15144	1602	0.011184107179804	0.228441338140677
Syntaxin_2	2	2	15144	1602	0.011184107179804	0.228441338140677
Vps5	2	2	15144	1602	0.011184107179804	0.228441338140677
FYVE	14	5	15144	1602	0.0116344911013623	0.232689822027246
1-cysPrx_C	5	2	15144	1602	0.0900247773678292	0.237829251364883
4_1_CTD	1	1	15144	1602	0.105784469096672	0.237829251364883
40S_SA_C	1	1	15144	1602	0.105784469096672	0.237829251364883
Abi	1	1	15144	1602	0.105784469096672	0.237829251364883
Acyl-CoA_dh_N	11	3	15144	1602	0.102206984062833	0.237829251364883
Adap_comp_sub	5	2	15144	1602	0.0900247773678292	0.237829251364883
Adaptin_N	9	3	15144	1602	0.0609612788739541	0.237829251364883
ADH_zinc_N	14	4	15144	1602	0.0525683789746227	0.237829251364883
Aha1_N	1	1	15144	1602	0.105784469096672	0.237829251364883
AhpC-TSA	5	2	15144	1602	0.0900247773678292	0.237829251364883
AHSA1	1	1	15144	1602	0.105784469096672	0.237829251364883
ALAD	1	1	15144	1602	0.105784469096672	0.237829251364883
Aldedh	10	4	15144	1602	0.0155206898834154	0.237829251364883
Aldo_ket_red	15	4	15144	1602	0.0658813002196135	0.237829251364883
Alpha_adaptin_C	1	1	15144	1602	0.105784469096672	0.237829251364883
Alpha_adaptinC2	5	2	15144	1602	0.0900247773678292	0.237829251364883
Aminotran_1_2	10	3	15144	1602	0.0804358170127565	0.237829251364883
Aminotran_5	5	2	15144	1602	0.0900247773678292	0.237829251364883
Amnionless	1	1	15144	1602	0.105784469096672	0.237829251364883
AMP-binding	26	7	15144	1602	0.0158037864497332	0.237829251364883
AMP-binding_C	21	6	15144	1602	0.018632606723445	0.237829251364883
Ank_2	82	14	15144	1602	0.047952623438896	0.237829251364883
Annexin	8	3	15144	1602	0.0440251255452552	0.237829251364883
AP3D1	1	1	15144	1602	0.105784469096672	0.237829251364883
Aph-1	1	1	15144	1602	0.105784469096672	0.237829251364883
ArgoMid	1	1	15144	1602	0.105784469096672	0.237829251364883
Armet	1	1	15144	1602	0.105784469096672	0.237829251364883
ARPC4	1	1	15144	1602	0.105784469096672	0.237829251364883
ARS2	1	1	15144	1602	0.105784469096672	0.237829251364883
ATG13	1	1	15144	1602	0.105784469096672	0.237829251364883
ATG27	1	1	15144	1602	0.105784469096672	0.237829251364883
ATP_Ca_trans_C	1	1	15144	1602	0.105784469096672	0.237829251364883
B2-adapt-app_C	1	1	15144	1602	0.105784469096672	0.237829251364883
BAG	1	1	15144	1602	0.105784469096672	0.237829251364883
BAR_3_WASP_bdg	1	1	15144	1602	0.105784469096672	0.237829251364883
BCIP	1	1	15144	1602	0.105784469096672	0.237829251364883
BCNT	1	1	15144	1602	0.105784469096672	0.237829251364883
BET	1	1	15144	1602	0.105784469096672	0.237829251364883
BLM10_mid	1	1	15144	1602	0.105784469096672	0.237829251364883
BRCT_2	4	2	15144	1602	0.0580247870346078	0.237829251364883
BRD4_CDT	1	1	15144	1602	0.105784469096672	0.237829251364883
BRICHOS	1	1	15144	1602	0.105784469096672	0.237829251364883
BrkDBD	1	1	15144	1602	0.105784469096672	0.237829251364883
BRO1	3	2	15144	1602	0.031188753782486	0.237829251364883
bZIP_1	7	3	15144	1602	0.0298226277549479	0.237829251364883
C_tripleX	3	2	15144	1602	0.031188753782486	0.237829251364883
Calx-beta	1	1	15144	1602	0.105784469096672	0.237829251364883
CAP_C	1	1	15144	1602	0.105784469096672	0.237829251364883
CAP_GLY	7	3	15144	1602	0.0298226277549479	0.237829251364883
CAP_N	1	1	15144	1602	0.105784469096672	0.237829251364883
Carn_acyltransf	5	2	15144	1602	0.0900247773678292	0.237829251364883
Cas1_AcylT	1	1	15144	1602	0.105784469096672	0.237829251364883
Cation_ATPase	8	3	15144	1602	0.0440251255452552	0.237829251364883
CBFB_NFYA	1	1	15144	1602	0.105784469096672	0.237829251364883
CBS	5	2	15144	1602	0.0900247773678292	0.237829251364883
CC2-LZ	1	1	15144	1602	0.105784469096672	0.237829251364883
CCDC32	1	1	15144	1602	0.105784469096672	0.237829251364883
CDK2AP	1	1	15144	1602	0.105784469096672	0.237829251364883
CG-1	1	1	15144	1602	0.105784469096672	0.237829251364883
Cg6151-P	1	1	15144	1602	0.105784469096672	0.237829251364883
Clathrin	4	2	15144	1602	0.0580247870346078	0.237829251364883
Clathrin_H_link	1	1	15144	1602	0.105784469096672	0.237829251364883
Clathrin_lg_ch	1	1	15144	1602	0.105784469096672	0.237829251364883
Clathrin_propel	1	1	15144	1602	0.105784469096672	0.237829251364883
Clathrin-link	1	1	15144	1602	0.105784469096672	0.237829251364883
Cpn10	1	1	15144	1602	0.105784469096672	0.237829251364883
CPSase_L_D3	1	1	15144	1602	0.105784469096672	0.237829251364883
CPSase_sm_chain	1	1	15144	1602	0.105784469096672	0.237829251364883
CRIC_ras_sig	1	1	15144	1602	0.105784469096672	0.237829251364883
CS	6	3	15144	1602	0.018479782797269	0.237829251364883
DAD	1	1	15144	1602	0.105784469096672	0.237829251364883
DAZAP2	1	1	15144	1602	0.105784469096672	0.237829251364883
DcpS	1	1	15144	1602	0.105784469096672	0.237829251364883
DIM1	1	1	15144	1602	0.105784469096672	0.237829251364883
DKCLD	1	1	15144	1602	0.105784469096672	0.237829251364883
DNA_ligase_IV	1	1	15144	1602	0.105784469096672	0.237829251364883
DnaJ	33	8	15144	1602	0.0191844032624464	0.237829251364883
DnaJ_C	9	3	15144	1602	0.0609612788739541	0.237829251364883
DnaJ_CXXCXGXG	3	2	15144	1602	0.031188753782486	0.237829251364883
DND1_DSRM	1	1	15144	1602	0.105784469096672	0.237829251364883
Dopey_N	1	1	15144	1602	0.105784469096672	0.237829251364883
Drf_FH3	4	2	15144	1602	0.0580247870346078	0.237829251364883
dsDNA_bind	1	1	15144	1602	0.105784469096672	0.237829251364883
DUF1011	1	1	15144	1602	0.105784469096672	0.237829251364883
DUF1241	1	1	15144	1602	0.105784469096672	0.237829251364883
DUF1681	1	1	15144	1602	0.105784469096672	0.237829251364883
DUF1908	1	1	15144	1602	0.105784469096672	0.237829251364883
DUF2045	1	1	15144	1602	0.105784469096672	0.237829251364883
DUF2451	1	1	15144	1602	0.105784469096672	0.237829251364883
DUF2615	1	1	15144	1602	0.105784469096672	0.237829251364883
DUF3105	1	1	15144	1602	0.105784469096672	0.237829251364883
DUF3350	1	1	15144	1602	0.105784469096672	0.237829251364883
DUF3361	1	1	15144	1602	0.105784469096672	0.237829251364883
DUF3437	1	1	15144	1602	0.105784469096672	0.237829251364883
DUF3441	1	1	15144	1602	0.105784469096672	0.237829251364883
DUF3454	1	1	15144	1602	0.105784469096672	0.237829251364883
DUF3456	3	2	15144	1602	0.031188753782486	0.237829251364883
DUF3534	1	1	15144	1602	0.105784469096672	0.237829251364883
DUF3546	1	1	15144	1602	0.105784469096672	0.237829251364883
DUF3694	3	2	15144	1602	0.031188753782486	0.237829251364883
DUF4061	1	1	15144	1602	0.105784469096672	0.237829251364883
DUF4208	1	1	15144	1602	0.105784469096672	0.237829251364883
DUF4339	1	1	15144	1602	0.105784469096672	0.237829251364883
DUF4371	1	1	15144	1602	0.105784469096672	0.237829251364883
DUF4803	1	1	15144	1602	0.105784469096672	0.237829251364883
DUF563	1	1	15144	1602	0.105784469096672	0.237829251364883
DUF719	1	1	15144	1602	0.105784469096672	0.237829251364883
DUF778	1	1	15144	1602	0.105784469096672	0.237829251364883
DUF846	1	1	15144	1602	0.105784469096672	0.237829251364883
DUF866	1	1	15144	1602	0.105784469096672	0.237829251364883
DUF902	1	1	15144	1602	0.105784469096672	0.237829251364883
Dynactin	1	1	15144	1602	0.105784469096672	0.237829251364883
E1-E2_ATPase	11	3	15144	1602	0.102206984062833	0.237829251364883
E3_binding	1	1	15144	1602	0.105784469096672	0.237829251364883
Ebp2	1	1	15144	1602	0.105784469096672	0.237829251364883
EGF_2	5	2	15144	1602	0.0900247773678292	0.237829251364883
EphA2_TM	1	1	15144	1602	0.105784469096672	0.237829251364883
Ephrin_lbd	1	1	15144	1602	0.105784469096672	0.237829251364883
ERO1	1	1	15144	1602	0.105784469096672	0.237829251364883
Ets	8	3	15144	1602	0.0440251255452552	0.237829251364883
F_actin_cap_B	1	1	15144	1602	0.105784469096672	0.237829251364883
Fascin	1	1	15144	1602	0.105784469096672	0.237829251364883
FbpA	1	1	15144	1602	0.105784469096672	0.237829251364883
Fer4_21	1	1	15144	1602	0.105784469096672	0.237829251364883
FERM_f0	1	1	15144	1602	0.105784469096672	0.237829251364883
Ferritin	1	1	15144	1602	0.105784469096672	0.237829251364883
Fes1	1	1	15144	1602	0.105784469096672	0.237829251364883
FG-GAP	3	2	15144	1602	0.031188753782486	0.237829251364883
Fic	1	1	15144	1602	0.105784469096672	0.237829251364883
Glyco_hydro_30	1	1	15144	1602	0.105784469096672	0.237829251364883
Glyco_hydro_30C	1	1	15144	1602	0.105784469096672	0.237829251364883
Glyco_hydro_56	1	1	15144	1602	0.105784469096672	0.237829251364883
Glyco_hydro_85	1	1	15144	1602	0.105784469096672	0.237829251364883
Glyco_tranf_2_4	1	1	15144	1602	0.105784469096672	0.237829251364883
Glyco_trans_2_3	1	1	15144	1602	0.105784469096672	0.237829251364883
Glyco_transf_17	1	1	15144	1602	0.105784469096672	0.237829251364883
Glyco_transf_21	1	1	15144	1602	0.105784469096672	0.237829251364883
GRAM	5	2	15144	1602	0.0900247773678292	0.237829251364883
GRASP55_65	1	1	15144	1602	0.105784469096672	0.237829251364883
GSAP-16	1	1	15144	1602	0.105784469096672	0.237829251364883
GST_N_3	29	6	15144	1602	0.0791719495585813	0.237829251364883
Guanylate_kin	9	3	15144	1602	0.0609612788739541	0.237829251364883
HAT_KAT11	1	1	15144	1602	0.105784469096672	0.237829251364883
HECT_2	1	1	15144	1602	0.105784469096672	0.237829251364883
hEGF	10	3	15144	1602	0.0804358170127565	0.237829251364883
Hemocyanin_C	19	5	15144	1602	0.0433336450348107	0.237829251364883
Hemocyanin_M	16	5	15144	1602	0.0212310083878735	0.237829251364883
Hemocyanin_N	18	5	15144	1602	0.0348751144026488	0.237829251364883
Hemopexin	3	2	15144	1602	0.031188753782486	0.237829251364883
HPD	1	1	15144	1602	0.105784469096672	0.237829251364883
Hrs_helical	1	1	15144	1602	0.105784469096672	0.237829251364883
HS1_rep	1	1	15144	1602	0.105784469096672	0.237829251364883
hSac2	1	1	15144	1602	0.105784469096672	0.237829251364883
HSF_DNA-bind	1	1	15144	1602	0.105784469096672	0.237829251364883
HSP20	8	3	15144	1602	0.0440251255452552	0.237829251364883
HSP70	11	3	15144	1602	0.102206984062833	0.237829251364883
Inositol_P	5	2	15144	1602	0.0900247773678292	0.237829251364883
INT_SG_DDX_CT_C	1	1	15144	1602	0.105784469096672	0.237829251364883
Integrin_alpha2	4	2	15144	1602	0.0580247870346078	0.237829251364883
Integrin_B_tail	1	1	15144	1602	0.105784469096672	0.237829251364883
IQ_SEC7_PH	1	1	15144	1602	0.105784469096672	0.237829251364883
Ist1	1	1	15144	1602	0.105784469096672	0.237829251364883
Jun	1	1	15144	1602	0.105784469096672	0.237829251364883
KAP	1	1	15144	1602	0.105784469096672	0.237829251364883
Katanin_con80	1	1	15144	1602	0.105784469096672	0.237829251364883
KIX	1	1	15144	1602	0.105784469096672	0.237829251364883
KLRAQ	1	1	15144	1602	0.105784469096672	0.237829251364883
L27	5	2	15144	1602	0.0900247773678292	0.237829251364883
Laminin_I	1	1	15144	1602	0.105784469096672	0.237829251364883
Laminin_II	1	1	15144	1602	0.105784469096672	0.237829251364883
LAMTOR	1	1	15144	1602	0.105784469096672	0.237829251364883
LMF1	1	1	15144	1602	0.105784469096672	0.237829251364883
Lon_C	1	1	15144	1602	0.105784469096672	0.237829251364883
Mad3_BUB1_I	1	1	15144	1602	0.105784469096672	0.237829251364883
MaoC_dehydrat_N	1	1	15144	1602	0.105784469096672	0.237829251364883
MARVEL	4	2	15144	1602	0.0580247870346078	0.237829251364883
MCRS_N	1	1	15144	1602	0.105784469096672	0.237829251364883
MEA1	1	1	15144	1602	0.105784469096672	0.237829251364883
Med10	1	1	15144	1602	0.105784469096672	0.237829251364883
Med15	1	1	15144	1602	0.105784469096672	0.237829251364883
Mem_trans	1	1	15144	1602	0.105784469096672	0.237829251364883
MENTAL	1	1	15144	1602	0.105784469096672	0.237829251364883
Metallophos_2	1	1	15144	1602	0.105784469096672	0.237829251364883
Methyltransf_8	1	1	15144	1602	0.105784469096672	0.237829251364883
MGAT2	1	1	15144	1602	0.105784469096672	0.237829251364883
MGC-24	1	1	15144	1602	0.105784469096672	0.237829251364883
MOR2-PAG1_C	1	1	15144	1602	0.105784469096672	0.237829251364883
MOR2-PAG1_mid	1	1	15144	1602	0.105784469096672	0.237829251364883
MOR2-PAG1_N	1	1	15144	1602	0.105784469096672	0.237829251364883
MSL2-CXC	1	1	15144	1602	0.105784469096672	0.237829251364883
Mss4	1	1	15144	1602	0.105784469096672	0.237829251364883
muHD	1	1	15144	1602	0.105784469096672	0.237829251364883
Myelin_PLP	1	1	15144	1602	0.105784469096672	0.237829251364883
Na_Ca_ex_C	1	1	15144	1602	0.105784469096672	0.237829251364883
NACHT	1	1	15144	1602	0.105784469096672	0.237829251364883
NAD_Gly3P_dh_C	1	1	15144	1602	0.105784469096672	0.237829251364883
NAD_Gly3P_dh_N	1	1	15144	1602	0.105784469096672	0.237829251364883
Nckap1	1	1	15144	1602	0.105784469096672	0.237829251364883
NCU-G1	1	1	15144	1602	0.105784469096672	0.237829251364883
Neur_chan_LBD	28	6	15144	1602	0.0686613254504106	0.237829251364883
NHR2	1	1	15144	1602	0.105784469096672	0.237829251364883
Nitroreductase	1	1	15144	1602	0.105784469096672	0.237829251364883
NMT	1	1	15144	1602	0.105784469096672	0.237829251364883
NMT_C	1	1	15144	1602	0.105784469096672	0.237829251364883
NOD	1	1	15144	1602	0.105784469096672	0.237829251364883
NODP	1	1	15144	1602	0.105784469096672	0.237829251364883
Nop14	1	1	15144	1602	0.105784469096672	0.237829251364883
Nramp	1	1	15144	1602	0.105784469096672	0.237829251364883
Nuc_deoxyri_tr2	1	1	15144	1602	0.105784469096672	0.237829251364883
Nudc_N	1	1	15144	1602	0.105784469096672	0.237829251364883
NumbF	1	1	15144	1602	0.105784469096672	0.237829251364883
OCIA	1	1	15144	1602	0.105784469096672	0.237829251364883
OLF	1	1	15144	1602	0.105784469096672	0.237829251364883
Ost5	1	1	15144	1602	0.105784469096672	0.237829251364883
OSTMP1	1	1	15144	1602	0.105784469096672	0.237829251364883
OTCace	1	1	15144	1602	0.105784469096672	0.237829251364883
OTCace_N	1	1	15144	1602	0.105784469096672	0.237829251364883
P21-Arc	1	1	15144	1602	0.105784469096672	0.237829251364883
P34-Arc	1	1	15144	1602	0.105784469096672	0.237829251364883
PA28_alpha	1	1	15144	1602	0.105784469096672	0.237829251364883
PA28_beta	1	1	15144	1602	0.105784469096672	0.237829251364883
PAC2	1	1	15144	1602	0.105784469096672	0.237829251364883
PDZ	59	12	15144	1602	0.0190739178829064	0.237829251364883
Pep3_Vps18	1	1	15144	1602	0.105784469096672	0.237829251364883
Peptidase_C69	1	1	15144	1602	0.105784469096672	0.237829251364883
Peptidase_M10	3	2	15144	1602	0.031188753782486	0.237829251364883
Pescadillo_N	1	1	15144	1602	0.105784469096672	0.237829251364883
Pex14_N	1	1	15144	1602	0.105784469096672	0.237829251364883
PG_binding_1	3	2	15144	1602	0.031188753782486	0.237829251364883
PGAP1	1	1	15144	1602	0.105784469096672	0.237829251364883
PH_12	1	1	15144	1602	0.105784469096672	0.237829251364883
PH_TFIIH	1	1	15144	1602	0.105784469096672	0.237829251364883
PHM7_cyt	1	1	15144	1602	0.105784469096672	0.237829251364883
PhoLip_ATPase_C	5	2	15144	1602	0.0900247773678292	0.237829251364883
PhoLip_ATPase_N	4	2	15144	1602	0.0580247870346078	0.237829251364883
Phospho_p8	1	1	15144	1602	0.105784469096672	0.237829251364883
PIEZO	1	1	15144	1602	0.105784469096672	0.237829251364883
Piezo_RRas_bdg	1	1	15144	1602	0.105784469096672	0.237829251364883
Polyketide_cyc	1	1	15144	1602	0.105784469096672	0.237829251364883
Polysacc_synt_4	1	1	15144	1602	0.105784469096672	0.237829251364883
Popeye	1	1	15144	1602	0.105784469096672	0.237829251364883
PP-binding	6	3	15144	1602	0.018479782797269	0.237829251364883
PP1_inhibitor	1	1	15144	1602	0.105784469096672	0.237829251364883
PP1c_bdg	1	1	15144	1602	0.105784469096672	0.237829251364883
Preseq_ALAS	1	1	15144	1602	0.105784469096672	0.237829251364883
PRKCSH	1	1	15144	1602	0.105784469096672	0.237829251364883
Pro_CA	1	1	15144	1602	0.105784469096672	0.237829251364883
PRO8NT	1	1	15144	1602	0.105784469096672	0.237829251364883
PROCN	1	1	15144	1602	0.105784469096672	0.237829251364883
PROCT	1	1	15144	1602	0.105784469096672	0.237829251364883
Proteasome	15	4	15144	1602	0.0658813002196135	0.237829251364883
PRP8_domainIV	1	1	15144	1602	0.105784469096672	0.237829251364883
PTN_MK_C	1	1	15144	1602	0.105784469096672	0.237829251364883
PUF	1	1	15144	1602	0.105784469096672	0.237829251364883
PX	18	5	15144	1602	0.0348751144026488	0.237829251364883
Pyr_redox_2	10	3	15144	1602	0.0804358170127565	0.237829251364883
Rab3-GTPase_cat	1	1	15144	1602	0.105784469096672	0.237829251364883
Rab5-bind	1	1	15144	1602	0.105784469096672	0.237829251364883
Rabaptin	1	1	15144	1602	0.105784469096672	0.237829251364883
RasGAP	4	2	15144	1602	0.0580247870346078	0.237829251364883
RAWUL	4	2	15144	1602	0.0580247870346078	0.237829251364883
Rer1	1	1	15144	1602	0.105784469096672	0.237829251364883
Rho_GDI	1	1	15144	1602	0.105784469096672	0.237829251364883
RhoGAP	21	5	15144	1602	0.0636302329931628	0.237829251364883
RhoGAP-FF1	1	1	15144	1602	0.105784469096672	0.237829251364883
RHS_repeat	1	1	15144	1602	0.105784469096672	0.237829251364883
Ribophorin_I	1	1	15144	1602	0.105784469096672	0.237829251364883
Ribophorin_II	1	1	15144	1602	0.105784469096672	0.237829251364883
Ribosomal_L13e	1	1	15144	1602	0.105784469096672	0.237829251364883
Ribosomal_L18	1	1	15144	1602	0.105784469096672	0.237829251364883
Ribosomal_L23eN	1	1	15144	1602	0.105784469096672	0.237829251364883
Ribosomal_L30_N	1	1	15144	1602	0.105784469096672	0.237829251364883
Ribosomal_L35Ae	1	1	15144	1602	0.105784469096672	0.237829251364883
Ribosomal_L38e	1	1	15144	1602	0.105784469096672	0.237829251364883
Ribosomal_L5	1	1	15144	1602	0.105784469096672	0.237829251364883
Ribosomal_L5_C	1	1	15144	1602	0.105784469096672	0.237829251364883
Ribosomal_S24e	1	1	15144	1602	0.105784469096672	0.237829251364883
Ribosomal_S30	1	1	15144	1602	0.105784469096672	0.237829251364883
RNA_POL_M_15KD	1	1	15144	1602	0.105784469096672	0.237829251364883
RNA_pol_Rpa2_4	1	1	15144	1602	0.105784469096672	0.237829251364883
RNA_pol_Rpb1_6	1	1	15144	1602	0.105784469096672	0.237829251364883
RNA_pol_Rpb1_7	1	1	15144	1602	0.105784469096672	0.237829251364883
RNA_pol_Rpb6	1	1	15144	1602	0.105784469096672	0.237829251364883
RPAP2_Rtr1	1	1	15144	1602	0.105784469096672	0.237829251364883
RPEL	1	1	15144	1602	0.105784469096672	0.237829251364883
RRM_4	1	1	15144	1602	0.105784469096672	0.237829251364883
RSN1_7TM	1	1	15144	1602	0.105784469096672	0.237829251364883
RSN1_TM	1	1	15144	1602	0.105784469096672	0.237829251364883
RTT107_BRCT_5	1	1	15144	1602	0.105784469096672	0.237829251364883
Sacchrp_dh_C	1	1	15144	1602	0.105784469096672	0.237829251364883
Sacchrp_dh_NADP	3	2	15144	1602	0.031188753782486	0.237829251364883
Sad1_UNC	4	2	15144	1602	0.0580247870346078	0.237829251364883
SAM_2	9	3	15144	1602	0.0609612788739541	0.237829251364883
SCAMP	1	1	15144	1602	0.105784469096672	0.237829251364883
Scramblase	3	2	15144	1602	0.031188753782486	0.237829251364883
Sec1	5	2	15144	1602	0.0900247773678292	0.237829251364883
Sec15	1	1	15144	1602	0.105784469096672	0.237829251364883
Sec5	1	1	15144	1602	0.105784469096672	0.237829251364883
Sec6	1	1	15144	1602	0.105784469096672	0.237829251364883
Sec7	5	2	15144	1602	0.0900247773678292	0.237829251364883
Sec8_exocyst	1	1	15144	1602	0.105784469096672	0.237829251364883
SelK_SelG	1	1	15144	1602	0.105784469096672	0.237829251364883
Septin	4	2	15144	1602	0.0580247870346078	0.237829251364883
SH3_2	11	3	15144	1602	0.102206984062833	0.237829251364883
Siah-Interact_N	1	1	15144	1602	0.105784469096672	0.237829251364883
SIKE	1	1	15144	1602	0.105784469096672	0.237829251364883
SOCS_box	7	3	15144	1602	0.0298226277549479	0.237829251364883
SPC25	1	1	15144	1602	0.105784469096672	0.237829251364883
SPT_ssu-like	1	1	15144	1602	0.105784469096672	0.237829251364883
Spt4	1	1	15144	1602	0.105784469096672	0.237829251364883
SRA1	1	1	15144	1602	0.105784469096672	0.237829251364883
STAR_dimer	1	1	15144	1602	0.105784469096672	0.237829251364883
START	5	2	15144	1602	0.0900247773678292	0.237829251364883
STAS	10	3	15144	1602	0.0804358170127565	0.237829251364883
Striatin	1	1	15144	1602	0.105784469096672	0.237829251364883
Strumpellin	1	1	15144	1602	0.105784469096672	0.237829251364883
Sulfate_transp	11	3	15144	1602	0.102206984062833	0.237829251364883
SURF4	1	1	15144	1602	0.105784469096672	0.237829251364883
Syja_N	4	2	15144	1602	0.0580247870346078	0.237829251364883
TACC	1	1	15144	1602	0.105784469096672	0.237829251364883
Talin_middle	1	1	15144	1602	0.105784469096672	0.237829251364883
Telomere_Sde2	1	1	15144	1602	0.105784469096672	0.237829251364883
Tet_JBP	1	1	15144	1602	0.105784469096672	0.237829251364883
Thiol-ester_cl	5	2	15144	1602	0.0900247773678292	0.237829251364883
Thymosin	1	1	15144	1602	0.105784469096672	0.237829251364883
TIG	5	2	15144	1602	0.0900247773678292	0.237829251364883
TMEM132	1	1	15144	1602	0.105784469096672	0.237829251364883
TMEM132D_C	1	1	15144	1602	0.105784469096672	0.237829251364883
Tmemb_170	1	1	15144	1602	0.105784469096672	0.237829251364883
Tmemb_55A	1	1	15144	1602	0.105784469096672	0.237829251364883
Tmemb_9	1	1	15144	1602	0.105784469096672	0.237829251364883
TMF_DNA_bd	1	1	15144	1602	0.105784469096672	0.237829251364883
TMF_TATA_bd	1	1	15144	1602	0.105784469096672	0.237829251364883
TMIE	1	1	15144	1602	0.105784469096672	0.237829251364883
Topo_C_assoc	1	1	15144	1602	0.105784469096672	0.237829251364883
Topoisom_I	1	1	15144	1602	0.105784469096672	0.237829251364883
Topoisom_I_N	1	1	15144	1602	0.105784469096672	0.237829251364883
TPD52	1	1	15144	1602	0.105784469096672	0.237829251364883
TPR_11	10	3	15144	1602	0.0804358170127565	0.237829251364883
Trehalase	1	1	15144	1602	0.105784469096672	0.237829251364883
Trm112p	1	1	15144	1602	0.105784469096672	0.237829251364883
TruB_C_2	1	1	15144	1602	0.105784469096672	0.237829251364883
TTKRSYEDQ	1	1	15144	1602	0.105784469096672	0.237829251364883
U5_2-snRNA_bdg	1	1	15144	1602	0.105784469096672	0.237829251364883
U6-snRNA_bdg	1	1	15144	1602	0.105784469096672	0.237829251364883
uDENN	5	2	15144	1602	0.0900247773678292	0.237829251364883
UDPG_MGDP_dh	1	1	15144	1602	0.105784469096672	0.237829251364883
UDPG_MGDP_dh_C	1	1	15144	1602	0.105784469096672	0.237829251364883
UDPG_MGDP_dh_N	1	1	15144	1602	0.105784469096672	0.237829251364883
UMP1	1	1	15144	1602	0.105784469096672	0.237829251364883
UNC45-central	1	1	15144	1602	0.105784469096672	0.237829251364883
UPF0047	1	1	15144	1602	0.105784469096672	0.237829251364883
UPF0220	1	1	15144	1602	0.105784469096672	0.237829251364883
UPF0489	1	1	15144	1602	0.105784469096672	0.237829251364883
V-SNARE	1	1	15144	1602	0.105784469096672	0.237829251364883
V-SNARE_C	5	2	15144	1602	0.0900247773678292	0.237829251364883
Vac_ImportDeg	1	1	15144	1602	0.105784469096672	0.237829251364883
Vac14_Fab1_bd	1	1	15144	1602	0.105784469096672	0.237829251364883
Vac14_Fig4_bd	1	1	15144	1602	0.105784469096672	0.237829251364883
VBS	1	1	15144	1602	0.105784469096672	0.237829251364883
VIR_N	1	1	15144	1602	0.105784469096672	0.237829251364883
VKOR	1	1	15144	1602	0.105784469096672	0.237829251364883
Vps16_C	1	1	15144	1602	0.105784469096672	0.237829251364883
Vps16_N	1	1	15144	1602	0.105784469096672	0.237829251364883
Vps35	1	1	15144	1602	0.105784469096672	0.237829251364883
Vps39_1	1	1	15144	1602	0.105784469096672	0.237829251364883
Vps39_2	1	1	15144	1602	0.105784469096672	0.237829251364883
Vps8	1	1	15144	1602	0.105784469096672	0.237829251364883
Vta1	1	1	15144	1602	0.105784469096672	0.237829251364883
WASH-7_C	1	1	15144	1602	0.105784469096672	0.237829251364883
WASH-7_mid	1	1	15144	1602	0.105784469096672	0.237829251364883
WASH-7_N	1	1	15144	1602	0.105784469096672	0.237829251364883
XAP5	1	1	15144	1602	0.105784469096672	0.237829251364883
Y_phosphatase	16	5	15144	1602	0.0212310083878735	0.237829251364883
zf-H2C2_5	5	2	15144	1602	0.0900247773678292	0.237829251364883
zf-NOSIP	1	1	15144	1602	0.105784469096672	0.237829251364883
zf-RING_10	1	1	15144	1602	0.105784469096672	0.237829251364883
zf-TAZ	1	1	15144	1602	0.105784469096672	0.237829251364883
zf-ZPR1	1	1	15144	1602	0.105784469096672	0.237829251364883
Bromodomain	18	4	15144	1602	0.114940029510334	0.257208457645503
Sulfotransfer_1	18	4	15144	1602	0.114940029510334	0.257208457645503
AC_N	6	2	15144	1602	0.125797274653109	0.269408449053484
Beach	6	2	15144	1602	0.125797274653109	0.269408449053484
CNH	6	2	15144	1602	0.125797274653109	0.269408449053484
CRAL_TRIO_N	6	2	15144	1602	0.125797274653109	0.269408449053484
DENN	6	2	15144	1602	0.125797274653109	0.269408449053484
DHHC	12	3	15144	1602	0.126004576692723	0.269408449053484
EF-hand_6	6	2	15144	1602	0.125797274653109	0.269408449053484
EMP24_GP25L	6	2	15144	1602	0.125797274653109	0.269408449053484
FH2	6	2	15144	1602	0.125797274653109	0.269408449053484
GATA	6	2	15144	1602	0.125797274653109	0.269408449053484
GST_C_2	6	2	15144	1602	0.125797274653109	0.269408449053484
Laminin_EGF	12	3	15144	1602	0.126004576692723	0.269408449053484
Laminin_N	6	2	15144	1602	0.125797274653109	0.269408449053484
Phospholip_A2_2	6	2	15144	1602	0.125797274653109	0.269408449053484
polyprenyl_synt	6	2	15144	1602	0.125797274653109	0.269408449053484
RUN	6	2	15144	1602	0.125797274653109	0.269408449053484
SAM_PNT	6	2	15144	1602	0.125797274653109	0.269408449053484
SCP2	6	2	15144	1602	0.125797274653109	0.269408449053484
Synaptobrevin	6	2	15144	1602	0.125797274653109	0.269408449053484
WH2	6	2	15144	1602	0.125797274653109	0.269408449053484
SH3_1	26	5	15144	1602	0.133460709334419	0.284716179913428
7tm_2	13	3	15144	1602	0.151544054968719	0.319741302791143
Acyl-CoA_dh_1	13	3	15144	1602	0.151544054968719	0.319741302791143
RA	13	3	15144	1602	0.151544054968719	0.319741302791143
TPR_1	13	3	15144	1602	0.151544054968719	0.319741302791143
zf-C3HC4_2	13	3	15144	1602	0.151544054968719	0.319741302791143
60KD_IMP	2	1	15144	1602	0.200384831013539	0.331100581364884
ABC_membrane_2	2	1	15144	1602	0.200384831013539	0.331100581364884
ACAS_N	2	1	15144	1602	0.200384831013539	0.331100581364884
Actin	14	3	15144	1602	0.178537421148926	0.331100581364884
Acyl-CoA_dh_M	14	3	15144	1602	0.178537421148926	0.331100581364884
AlaDh_PNT_N	2	1	15144	1602	0.200384831013539	0.331100581364884
Amidase_2	7	2	15144	1602	0.164187133412374	0.331100581364884
ArgoL2	2	1	15144	1602	0.200384831013539	0.331100581364884
ArgoN	2	1	15144	1602	0.200384831013539	0.331100581364884
Beta_elim_lyase	2	1	15144	1602	0.200384831013539	0.331100581364884
BTK	2	1	15144	1602	0.200384831013539	0.331100581364884
CAF1C_H4-bd	2	1	15144	1602	0.200384831013539	0.331100581364884
Calreticulin	2	1	15144	1602	0.200384831013539	0.331100581364884
CHORD	2	1	15144	1602	0.200384831013539	0.331100581364884
CoaE	2	1	15144	1602	0.200384831013539	0.331100581364884
COesterase	51	8	15144	1602	0.166298359558878	0.331100581364884
COMM_domain	2	1	15144	1602	0.200384831013539	0.331100581364884
COPIIcoated_ERV	2	1	15144	1602	0.200384831013539	0.331100581364884
DER1	2	1	15144	1602	0.200384831013539	0.331100581364884
DFRP_C	2	1	15144	1602	0.200384831013539	0.331100581364884
DHO_dh	2	1	15144	1602	0.200384831013539	0.331100581364884
DIL	2	1	15144	1602	0.200384831013539	0.331100581364884
DNA_ligase_A_C	2	1	15144	1602	0.200384831013539	0.331100581364884
DNA_ligase_A_M	2	1	15144	1602	0.200384831013539	0.331100581364884
DNA_ligase_A_N	2	1	15144	1602	0.200384831013539	0.331100581364884
Drf_GBD	2	1	15144	1602	0.200384831013539	0.331100581364884
DUF1053	2	1	15144	1602	0.200384831013539	0.331100581364884
DUF1394	2	1	15144	1602	0.200384831013539	0.331100581364884
DUF2236	2	1	15144	1602	0.200384831013539	0.331100581364884
DUF2367	2	1	15144	1602	0.200384831013539	0.331100581364884
DUF814	2	1	15144	1602	0.200384831013539	0.331100581364884
DUF953	2	1	15144	1602	0.200384831013539	0.331100581364884
EHD_N	2	1	15144	1602	0.200384831013539	0.331100581364884
eIF-5_eIF-2B	2	1	15144	1602	0.200384831013539	0.331100581364884
EIF4E-T	2	1	15144	1602	0.200384831013539	0.331100581364884
ELFV_dehydrog	2	1	15144	1602	0.200384831013539	0.331100581364884
ELFV_dehydrog_N	2	1	15144	1602	0.200384831013539	0.331100581364884
ELMO_CED12	2	1	15144	1602	0.200384831013539	0.331100581364884
ENTH	2	1	15144	1602	0.200384831013539	0.331100581364884
Ephrin_rec_like	2	1	15144	1602	0.200384831013539	0.331100581364884
ERGIC_N	2	1	15144	1602	0.200384831013539	0.331100581364884
Evr1_Alr	2	1	15144	1602	0.200384831013539	0.331100581364884
Fam20C	2	1	15144	1602	0.200384831013539	0.331100581364884
FDF	2	1	15144	1602	0.200384831013539	0.331100581364884
Fer4_20	2	1	15144	1602	0.200384831013539	0.331100581364884
FERM_M	22	4	15144	1602	0.19791555504578	0.331100581364884
Filament	2	1	15144	1602	0.200384831013539	0.331100581364884
FLYWCH	7	2	15144	1602	0.164187133412374	0.331100581364884
Glyco_transf_25	2	1	15144	1602	0.200384831013539	0.331100581364884
His_Phos_2	7	2	15144	1602	0.164187133412374	0.331100581364884
HOOK	2	1	15144	1602	0.200384831013539	0.331100581364884
HR1	2	1	15144	1602	0.200384831013539	0.331100581364884
Hydrolase_3	2	1	15144	1602	0.200384831013539	0.331100581364884
Integrin_b_cyt	2	1	15144	1602	0.200384831013539	0.331100581364884
Integrin_beta	2	1	15144	1602	0.200384831013539	0.331100581364884
JmjC	7	2	15144	1602	0.164187133412374	0.331100581364884
KIF1B	2	1	15144	1602	0.200384831013539	0.331100581364884
Kinesin	21	4	15144	1602	0.175652226095608	0.331100581364884
LTD	2	1	15144	1602	0.200384831013539	0.331100581364884
LUC7	2	1	15144	1602	0.200384831013539	0.331100581364884
M16C_assoc	2	1	15144	1602	0.200384831013539	0.331100581364884
malic	2	1	15144	1602	0.200384831013539	0.331100581364884
Malic_M	2	1	15144	1602	0.200384831013539	0.331100581364884
MAM	2	1	15144	1602	0.200384831013539	0.331100581364884
MaoC_dehydratas	2	1	15144	1602	0.200384831013539	0.331100581364884
Methuselah_N	2	1	15144	1602	0.200384831013539	0.331100581364884
MFS_2	2	1	15144	1602	0.200384831013539	0.331100581364884
MGS	2	1	15144	1602	0.200384831013539	0.331100581364884
MIG-14_Wnt-bd	2	1	15144	1602	0.200384831013539	0.331100581364884
Mod_r	2	1	15144	1602	0.200384831013539	0.331100581364884
NAC	2	1	15144	1602	0.200384831013539	0.331100581364884
NAD_binding_11	2	1	15144	1602	0.200384831013539	0.331100581364884
NAD_kinase	2	1	15144	1602	0.200384831013539	0.331100581364884
NOP5NT	2	1	15144	1602	0.200384831013539	0.331100581364884
Notch	2	1	15144	1602	0.200384831013539	0.331100581364884
O-FucT	2	1	15144	1602	0.200384831013539	0.331100581364884
OST3_OST6	2	1	15144	1602	0.200384831013539	0.331100581364884
P53	2	1	15144	1602	0.200384831013539	0.331100581364884
PAP2_C	2	1	15144	1602	0.200384831013539	0.331100581364884
PB1	2	1	15144	1602	0.200384831013539	0.331100581364884
Pentaxin	2	1	15144	1602	0.200384831013539	0.331100581364884
Peptidase_M16_M	2	1	15144	1602	0.200384831013539	0.331100581364884
PEX11	2	1	15144	1602	0.200384831013539	0.331100581364884
PH_BEACH	2	1	15144	1602	0.200384831013539	0.331100581364884
PRA1	2	1	15144	1602	0.200384831013539	0.331100581364884
Pribosyl_synth	2	1	15144	1602	0.200384831013539	0.331100581364884
Pribosyltran_N	2	1	15144	1602	0.200384831013539	0.331100581364884
PRKCSH-like	2	1	15144	1602	0.200384831013539	0.331100581364884
PSI_integrin	2	1	15144	1602	0.200384831013539	0.331100581364884
PWWP	7	2	15144	1602	0.164187133412374	0.331100581364884
Pyr_redox_dim	2	1	15144	1602	0.200384831013539	0.331100581364884
RBD-FIP	2	1	15144	1602	0.200384831013539	0.331100581364884
Rdx	2	1	15144	1602	0.200384831013539	0.331100581364884
Ribosom_S12_S23	2	1	15144	1602	0.200384831013539	0.331100581364884
Ribosomal_L23	2	1	15144	1602	0.200384831013539	0.331100581364884
Ribosomal_L27A	2	1	15144	1602	0.200384831013539	0.331100581364884
Ribosomal_L3	2	1	15144	1602	0.200384831013539	0.331100581364884
Ribosomal_L30	2	1	15144	1602	0.200384831013539	0.331100581364884
Ribosomal_L6e	2	1	15144	1602	0.200384831013539	0.331100581364884
Ribosomal_S2	2	1	15144	1602	0.200384831013539	0.331100581364884
RRM_3	2	1	15144	1602	0.200384831013539	0.331100581364884
S-methyl_trans	2	1	15144	1602	0.200384831013539	0.331100581364884
Sedlin_N	2	1	15144	1602	0.200384831013539	0.331100581364884
SERTA	2	1	15144	1602	0.200384831013539	0.331100581364884
Somatomedin_B	2	1	15144	1602	0.200384831013539	0.331100581364884
STAT_alpha	2	1	15144	1602	0.200384831013539	0.331100581364884
STAT_bind	2	1	15144	1602	0.200384831013539	0.331100581364884
STAT_int	2	1	15144	1602	0.200384831013539	0.331100581364884
STT3	2	1	15144	1602	0.200384831013539	0.331100581364884
Sulfotransfer_3	2	1	15144	1602	0.200384831013539	0.331100581364884
Sybindin	2	1	15144	1602	0.200384831013539	0.331100581364884
Syntaxin	2	1	15144	1602	0.200384831013539	0.331100581364884
TNRC6-PABC_bdg	2	1	15144	1602	0.200384831013539	0.331100581364884
Tox-GHH	2	1	15144	1602	0.200384831013539	0.331100581364884
TPR_14	2	1	15144	1602	0.200384831013539	0.331100581364884
TruB_N	2	1	15144	1602	0.200384831013539	0.331100581364884
ubiquitin	22	4	15144	1602	0.19791555504578	0.331100581364884
UIM	2	1	15144	1602	0.200384831013539	0.331100581364884
vATP-synt_AC39	2	1	15144	1602	0.200384831013539	0.331100581364884
VPS13_mid_rpt	2	1	15144	1602	0.200384831013539	0.331100581364884
Vps26	2	1	15144	1602	0.200384831013539	0.331100581364884
Vps54_N	2	1	15144	1602	0.200384831013539	0.331100581364884
zf-CCCH_2	2	1	15144	1602	0.200384831013539	0.331100581364884
zf-CSL	2	1	15144	1602	0.200384831013539	0.331100581364884
zf-LITAF-like	7	2	15144	1602	0.164187133412374	0.331100581364884
zf-RING_9	2	1	15144	1602	0.200384831013539	0.331100581364884
Chromo	8	2	15144	1602	0.204241136034747	0.333454915975097
FCH	8	2	15144	1602	0.204241136034747	0.333454915975097
Peptidase_M16	8	2	15144	1602	0.204241136034747	0.333454915975097
Rhodanese	8	2	15144	1602	0.204241136034747	0.333454915975097
Ribosomal_L7Ae	8	2	15144	1602	0.204241136034747	0.333454915975097
TPR_2	8	2	15144	1602	0.204241136034747	0.333454915975097
ZZ	8	2	15144	1602	0.204241136034747	0.333454915975097
SH2	30	5	15144	1602	0.205913886496473	0.335615163050278
Ricin_B_lectin	15	3	15144	1602	0.206701451381255	0.336327785298313
C2	38	6	15144	1602	0.208738180832184	0.339067095768015
MFS_1	63	9	15144	1602	0.218389113403052	0.354144508221166
Ank	23	4	15144	1602	0.220970023390565	0.357123270126166
SH3_9	23	4	15144	1602	0.220970023390565	0.357123270126166
Ank_4	16	3	15144	1602	0.235763771508423	0.380391967475775
Ank_5	9	2	15144	1602	0.245178238080687	0.391632460162163
GST_C	24	4	15144	1602	0.244680784037381	0.391632460162163
Peptidase_M16_C	9	2	15144	1602	0.245178238080687	0.391632460162163
Sushi	9	2	15144	1602	0.245178238080687	0.391632460162163
UBA	9	2	15144	1602	0.245178238080687	0.391632460162163
zf-CCHC	9	2	15144	1602	0.245178238080687	0.391632460162163
2-oxoacid_dh	3	1	15144	1602	0.284982869629067	0.396497905570875
4F5	3	1	15144	1602	0.284982869629067	0.396497905570875
4HBT_2	3	1	15144	1602	0.284982869629067	0.396497905570875
ABC1	3	1	15144	1602	0.284982869629067	0.396497905570875
Acyl_transf_1	3	1	15144	1602	0.284982869629067	0.396497905570875
ArgoL1	3	1	15144	1602	0.284982869629067	0.396497905570875
BRK	3	1	15144	1602	0.284982869629067	0.396497905570875
Bromo_TP	3	1	15144	1602	0.284982869629067	0.396497905570875
BSD	3	1	15144	1602	0.284982869629067	0.396497905570875
bZIP_Maf	3	1	15144	1602	0.284982869629067	0.396497905570875
CH	25	4	15144	1602	0.268914866083205	0.396497905570875
CoA_transf_3	3	1	15144	1602	0.284982869629067	0.396497905570875
Creatinase_N	3	1	15144	1602	0.284982869629067	0.396497905570875
Creatinase_N_2	3	1	15144	1602	0.284982869629067	0.396497905570875
CSN8_PSD8_EIF3K	3	1	15144	1602	0.284982869629067	0.396497905570875
Ctr	3	1	15144	1602	0.284982869629067	0.396497905570875
dDENN	3	1	15144	1602	0.284982869629067	0.396497905570875
DEK_C	3	1	15144	1602	0.284982869629067	0.396497905570875
DLIC	3	1	15144	1602	0.284982869629067	0.396497905570875
DUF229	3	1	15144	1602	0.284982869629067	0.396497905570875
EPL1	3	1	15144	1602	0.284982869629067	0.396497905570875
Exostosin	3	1	15144	1602	0.284982869629067	0.396497905570875
FAA_hydrolase	3	1	15144	1602	0.284982869629067	0.396497905570875
Frag1	3	1	15144	1602	0.284982869629067	0.396497905570875
Furin-like	3	1	15144	1602	0.284982869629067	0.396497905570875
GATase	3	1	15144	1602	0.284982869629067	0.396497905570875
Glyco_transf_43	3	1	15144	1602	0.284982869629067	0.396497905570875
Glyco_transf_64	3	1	15144	1602	0.284982869629067	0.396497905570875
Glycos_transf_2	17	3	15144	1602	0.265467188370284	0.396497905570875
HEAT	3	1	15144	1602	0.284982869629067	0.396497905570875
HYR	3	1	15144	1602	0.284982869629067	0.396497905570875
IP_trans	3	1	15144	1602	0.284982869629067	0.396497905570875
IPK	3	1	15144	1602	0.284982869629067	0.396497905570875
Kinesin_assoc	3	1	15144	1602	0.284982869629067	0.396497905570875
Longin	3	1	15144	1602	0.284982869629067	0.396497905570875
LysM	3	1	15144	1602	0.284982869629067	0.396497905570875
M_domain	3	1	15144	1602	0.284982869629067	0.396497905570875
MA3	3	1	15144	1602	0.284982869629067	0.396497905570875
Mab-21	3	1	15144	1602	0.284982869629067	0.396497905570875
MAPEG	3	1	15144	1602	0.284982869629067	0.396497905570875
Na_K-ATPase	3	1	15144	1602	0.284982869629067	0.396497905570875
NAD_binding_2	3	1	15144	1602	0.284982869629067	0.396497905570875
Nop	3	1	15144	1602	0.284982869629067	0.396497905570875
Nuc_sug_transp	3	1	15144	1602	0.284982869629067	0.396497905570875
PALP	3	1	15144	1602	0.284982869629067	0.396497905570875
PH_9	3	1	15144	1602	0.284982869629067	0.396497905570875
PHD_2	3	1	15144	1602	0.284982869629067	0.396497905570875
PLAC	3	1	15144	1602	0.284982869629067	0.396497905570875
PRELI	3	1	15144	1602	0.284982869629067	0.396497905570875
PTEN_C2	3	1	15144	1602	0.284982869629067	0.396497905570875
PUA	3	1	15144	1602	0.284982869629067	0.396497905570875
RBD	3	1	15144	1602	0.284982869629067	0.396497905570875
Recep_L_domain	3	1	15144	1602	0.284982869629067	0.396497905570875
RecQ_Zn_bind	3	1	15144	1602	0.284982869629067	0.396497905570875
RHD_dimer	3	1	15144	1602	0.284982869629067	0.396497905570875
RHD_DNA_bind	3	1	15144	1602	0.284982869629067	0.396497905570875
Ribosomal_60s	3	1	15144	1602	0.284982869629067	0.396497905570875
Ribosomal_L1	3	1	15144	1602	0.284982869629067	0.396497905570875
Ribosomal_L10	3	1	15144	1602	0.284982869629067	0.396497905570875
Ribosomal_S10	3	1	15144	1602	0.284982869629067	0.396497905570875
RNA_pol_Rpb1_1	3	1	15144	1602	0.284982869629067	0.396497905570875
RNA_pol_Rpb1_2	3	1	15144	1602	0.284982869629067	0.396497905570875
RNA_pol_Rpb1_3	3	1	15144	1602	0.284982869629067	0.396497905570875
RNA_pol_Rpb1_4	3	1	15144	1602	0.284982869629067	0.396497905570875
RNA_pol_Rpb1_5	3	1	15144	1602	0.284982869629067	0.396497905570875
RNA_pol_Rpb2_1	3	1	15144	1602	0.284982869629067	0.396497905570875
RNA_pol_Rpb2_2	3	1	15144	1602	0.284982869629067	0.396497905570875
RNA_pol_Rpb2_3	3	1	15144	1602	0.284982869629067	0.396497905570875
RNA_pol_Rpb2_6	3	1	15144	1602	0.284982869629067	0.396497905570875
RNA_pol_Rpb2_7	3	1	15144	1602	0.284982869629067	0.396497905570875
SAC3_GANP	3	1	15144	1602	0.284982869629067	0.396497905570875
Sec23_BS	3	1	15144	1602	0.284982869629067	0.396497905570875
Sec23_helical	3	1	15144	1602	0.284982869629067	0.396497905570875
Sec23_trunk	3	1	15144	1602	0.284982869629067	0.396497905570875
Sel1	3	1	15144	1602	0.284982869629067	0.396497905570875
SHR-BD	3	1	15144	1602	0.284982869629067	0.396497905570875
SPARC_Ca_bdg	3	1	15144	1602	0.284982869629067	0.396497905570875
SPOC	3	1	15144	1602	0.284982869629067	0.396497905570875
Steroid_dh	3	1	15144	1602	0.284982869629067	0.396497905570875
SWIB	3	1	15144	1602	0.284982869629067	0.396497905570875
TFIIS_C	3	1	15144	1602	0.284982869629067	0.396497905570875
TIR_2	3	1	15144	1602	0.284982869629067	0.396497905570875
VHP	3	1	15144	1602	0.284982869629067	0.396497905570875
Vinculin	3	1	15144	1602	0.284982869629067	0.396497905570875
Voltage_CLC	3	1	15144	1602	0.284982869629067	0.396497905570875
VPS13	3	1	15144	1602	0.284982869629067	0.396497905570875
Yip1	3	1	15144	1602	0.284982869629067	0.396497905570875
Yippee-Mis18	3	1	15144	1602	0.284982869629067	0.396497905570875
zf-Sec23_Sec24	3	1	15144	1602	0.284982869629067	0.396497905570875
5_nucleotid_C	10	2	15144	1602	0.286363843347671	0.397842676720353
FHA	18	3	15144	1602	0.295572620142274	0.408861261291906
SAM_1	18	3	15144	1602	0.295572620142274	0.408861261291906
Tetraspannin	18	3	15144	1602	0.295572620142274	0.408861261291906
EGF	27	4	15144	1602	0.318440495997487	0.439228270341361
zf-C3HC4_3	27	4	15144	1602	0.318440495997487	0.439228270341361
A2M_N	11	2	15144	1602	0.327287589855412	0.447572772451845
FERM_C	11	2	15144	1602	0.327287589855412	0.447572772451845
FERM_N	11	2	15144	1602	0.327287589855412	0.447572772451845
Peptidase_M24	11	2	15144	1602	0.327287589855412	0.447572772451845
Peptidase_M28	11	2	15144	1602	0.327287589855412	0.447572772451845
RasGEF	11	2	15144	1602	0.327287589855412	0.447572772451845
Pkinase	160	19	15144	1602	0.332000893221807	0.453372485765198
CRAL_TRIO	45	6	15144	1602	0.339372114306049	0.462123730118876
EcKinase	45	6	15144	1602	0.339372114306049	0.462123730118876
2OG-FeII_Oxy_2	4	1	15144	1602	0.36063556382722	0.463467391263897
ADAM_CR	4	1	15144	1602	0.36063556382722	0.463467391263897
ADAM_spacer1	4	1	15144	1602	0.36063556382722	0.463467391263897
ADH_N_2	4	1	15144	1602	0.36063556382722	0.463467391263897
BAR	4	1	15144	1602	0.36063556382722	0.463467391263897
Bax1-I	4	1	15144	1602	0.36063556382722	0.463467391263897
Calponin	4	1	15144	1602	0.36063556382722	0.463467391263897
Cation_ATPase_C	4	1	15144	1602	0.36063556382722	0.463467391263897
Cation_ATPase_N	4	1	15144	1602	0.36063556382722	0.463467391263897
CPSase_L_D2	4	1	15144	1602	0.36063556382722	0.463467391263897
CUE	4	1	15144	1602	0.36063556382722	0.463467391263897
dCMP_cyt_deam_1	4	1	15144	1602	0.36063556382722	0.463467391263897
DDT	4	1	15144	1602	0.36063556382722	0.463467391263897
DUF4217	4	1	15144	1602	0.36063556382722	0.463467391263897
Flavodoxin_1	4	1	15144	1602	0.36063556382722	0.463467391263897
FMO-like	4	1	15144	1602	0.36063556382722	0.463467391263897
GDP_Man_Dehyd	4	1	15144	1602	0.36063556382722	0.463467391263897
Glyco_hydro_47	4	1	15144	1602	0.36063556382722	0.463467391263897
KH_1	20	3	15144	1602	0.356133771908236	0.463467391263897
LRRCT	4	1	15144	1602	0.36063556382722	0.463467391263897
MBD	4	1	15144	1602	0.36063556382722	0.463467391263897
Metallophos	28	4	15144	1602	0.343489414943904	0.463467391263897
Methyltr_RsmB-F	4	1	15144	1602	0.36063556382722	0.463467391263897
MH1	4	1	15144	1602	0.36063556382722	0.463467391263897
MH2	4	1	15144	1602	0.36063556382722	0.463467391263897
MIB_HERC2	4	1	15144	1602	0.36063556382722	0.463467391263897
Nucleoside_tran	4	1	15144	1602	0.36063556382722	0.463467391263897
Oxysterol_BP	4	1	15144	1602	0.36063556382722	0.463467391263897
Patatin	4	1	15144	1602	0.36063556382722	0.463467391263897
Peptidase_M24_C	4	1	15144	1602	0.36063556382722	0.463467391263897
PI3Ka	4	1	15144	1602	0.36063556382722	0.463467391263897
TBP	4	1	15144	1602	0.36063556382722	0.463467391263897
UAA	4	1	15144	1602	0.36063556382722	0.463467391263897
V_ATPase_I	4	1	15144	1602	0.36063556382722	0.463467391263897
VHS	4	1	15144	1602	0.36063556382722	0.463467391263897
VPS13_C	4	1	15144	1602	0.36063556382722	0.463467391263897
VWA_2	4	1	15144	1602	0.36063556382722	0.463467391263897
W2	4	1	15144	1602	0.36063556382722	0.463467391263897
WH1	4	1	15144	1602	0.36063556382722	0.463467391263897
WSD	4	1	15144	1602	0.36063556382722	0.463467391263897
Xpo1	4	1	15144	1602	0.36063556382722	0.463467391263897
zf-AN1	4	1	15144	1602	0.36063556382722	0.463467391263897
A2M_recep	12	2	15144	1602	0.367544192487949	0.469205352112276
PI3_PI4_kinase	12	2	15144	1602	0.367544192487949	0.469205352112276
SPRY	12	2	15144	1602	0.367544192487949	0.469205352112276
Tubulin	12	2	15144	1602	0.367544192487949	0.469205352112276
Tubulin_C	12	2	15144	1602	0.367544192487949	0.469205352112276
A2M_comp	13	2	15144	1602	0.406816944764174	0.517963218797887
A2M_N_2	13	2	15144	1602	0.406816944764174	0.517963218797887
Amidohydro_1	5	1	15144	1602	0.428288260442067	0.51848263559191
Aminotran_3	5	1	15144	1602	0.428288260442067	0.51848263559191
BAH	5	1	15144	1602	0.428288260442067	0.51848263559191
Brix	5	1	15144	1602	0.428288260442067	0.51848263559191
C2-set_2	31	4	15144	1602	0.418469658114959	0.51848263559191
CDP-OH_P_transf	5	1	15144	1602	0.428288260442067	0.51848263559191
Chorein_N	5	1	15144	1602	0.428288260442067	0.51848263559191
DcpS_C	5	1	15144	1602	0.428288260442067	0.51848263559191
Dynamin_N	5	1	15144	1602	0.428288260442067	0.51848263559191
EGF_CA	22	3	15144	1602	0.41594536762229	0.51848263559191
Epimerase	5	1	15144	1602	0.428288260442067	0.51848263559191
FA	5	1	15144	1602	0.428288260442067	0.51848263559191
G-gamma	5	1	15144	1602	0.428288260442067	0.51848263559191
Hexapep	5	1	15144	1602	0.428288260442067	0.51848263559191
Hist_deacetyl	5	1	15144	1602	0.428288260442067	0.51848263559191
IRS	5	1	15144	1602	0.428288260442067	0.51848263559191
Kunitz_BPTI	5	1	15144	1602	0.428288260442067	0.51848263559191
La	5	1	15144	1602	0.428288260442067	0.51848263559191
Lipocalin	5	1	15144	1602	0.428288260442067	0.51848263559191
LisH	5	1	15144	1602	0.428288260442067	0.51848263559191
MIR	5	1	15144	1602	0.428288260442067	0.51848263559191
MIT	5	1	15144	1602	0.428288260442067	0.51848263559191
Na_H_Exchanger	5	1	15144	1602	0.428288260442067	0.51848263559191
NTF2	5	1	15144	1602	0.428288260442067	0.51848263559191
PBD	5	1	15144	1602	0.428288260442067	0.51848263559191
Peptidase_M13	5	1	15144	1602	0.428288260442067	0.51848263559191
Peptidase_M17	5	1	15144	1602	0.428288260442067	0.51848263559191
Piwi	5	1	15144	1602	0.428288260442067	0.51848263559191
PTCB-BRCT	5	1	15144	1602	0.428288260442067	0.51848263559191
SAP	5	1	15144	1602	0.428288260442067	0.51848263559191
SLC12	5	1	15144	1602	0.428288260442067	0.51848263559191
Sod_Cu	5	1	15144	1602	0.428288260442067	0.51848263559191
Thiolase_C	5	1	15144	1602	0.428288260442067	0.51848263559191
Thiolase_N	5	1	15144	1602	0.428288260442067	0.51848263559191
VWA	5	1	15144	1602	0.428288260442067	0.51848263559191
VWC	5	1	15144	1602	0.428288260442067	0.51848263559191
zf-HC5HC2H_2	5	1	15144	1602	0.428288260442067	0.51848263559191
zf-RING_UBOX	5	1	15144	1602	0.428288260442067	0.51848263559191
ZU5	5	1	15144	1602	0.428288260442067	0.51848263559191
A2M	14	2	15144	1602	0.444863532033381	0.534898626391447
CLIP	23	3	15144	1602	0.445191669257048	0.534898626391447
DSPc	14	2	15144	1602	0.444863532033381	0.534898626391447
HECT	14	2	15144	1602	0.444863532033381	0.534898626391447
TPR_16	14	2	15144	1602	0.444863532033381	0.534898626391447
zf-RING_2	23	3	15144	1602	0.445191669257048	0.534898626391447
2-Hacid_dh	6	1	15144	1602	0.488786457599859	0.575748465393699
2-Hacid_dh_C	6	1	15144	1602	0.488786457599859	0.575748465393699
Biotin_lipoyl	6	1	15144	1602	0.488786457599859	0.575748465393699
DEP	6	1	15144	1602	0.488786457599859	0.575748465393699
DUF3421	6	1	15144	1602	0.488786457599859	0.575748465393699
FAD_binding_1	6	1	15144	1602	0.488786457599859	0.575748465393699
G-alpha	6	1	15144	1602	0.488786457599859	0.575748465393699
Hairy_orange	6	1	15144	1602	0.488786457599859	0.575748465393699
IBR	6	1	15144	1602	0.488786457599859	0.575748465393699
Laminin_B	6	1	15144	1602	0.488786457599859	0.575748465393699
OTU	6	1	15144	1602	0.488786457599859	0.575748465393699
Patched	6	1	15144	1602	0.488786457599859	0.575748465393699
Peptidase_M13_N	6	1	15144	1602	0.488786457599859	0.575748465393699
Rap_GAP	6	1	15144	1602	0.488786457599859	0.575748465393699
RasGEF_N	6	1	15144	1602	0.488786457599859	0.575748465393699
Vps4_C	6	1	15144	1602	0.488786457599859	0.575748465393699
Pkinase_Tyr	53	6	15144	1602	0.495153519378705	0.582533552210241
RhoGEF	25	3	15144	1602	0.501779883524206	0.589606717482543
Propep_M14	16	2	15144	1602	0.51660957793732	0.606289969217393
AA_permease	7	1	15144	1602	0.54288634496444	0.626407321112815
ARID	7	1	15144	1602	0.54288634496444	0.626407321112815
Disintegrin	7	1	15144	1602	0.54288634496444	0.626407321112815
Gelsolin	7	1	15144	1602	0.54288634496444	0.626407321112815
Histone_H2A_C	7	1	15144	1602	0.54288634496444	0.626407321112815
MFS_1_like	7	1	15144	1602	0.54288634496444	0.626407321112815
Mito_carr	36	4	15144	1602	0.537640239510697	0.626407321112815
PAP2	7	1	15144	1602	0.54288634496444	0.626407321112815
PAZ	7	1	15144	1602	0.54288634496444	0.626407321112815
Proteasome_A_N	7	1	15144	1602	0.54288634496444	0.626407321112815
Reprolysin	7	1	15144	1602	0.54288634496444	0.626407321112815
RNase_T	7	1	15144	1602	0.54288634496444	0.626407321112815
Sulfatase	7	1	15144	1602	0.54288634496444	0.626407321112815
TPR_12	7	1	15144	1602	0.54288634496444	0.626407321112815
Acyltransferase	17	2	15144	1602	0.550095229879592	0.633203142307444
cNMP_binding	17	2	15144	1602	0.550095229879592	0.633203142307444
Serpin	18	2	15144	1602	0.581910556096757	0.668222648149385
SNF2_N	18	2	15144	1602	0.581910556096757	0.668222648149385
AAA_11	8	1	15144	1602	0.591264231954396	0.670146000798371
AAA_12	8	1	15144	1602	0.591264231954396	0.670146000798371
Band_7	8	1	15144	1602	0.591264231954396	0.670146000798371
DHC_N1	8	1	15144	1602	0.591264231954396	0.670146000798371
FA_hydroxylase	8	1	15144	1602	0.591264231954396	0.670146000798371
Ig_2	8	1	15144	1602	0.591264231954396	0.670146000798371
Ldl_recept_b	8	1	15144	1602	0.591264231954396	0.670146000798371
PDEase_I	8	1	15144	1602	0.591264231954396	0.670146000798371
Spectrin	8	1	15144	1602	0.591264231954396	0.670146000798371
TPR_19	8	1	15144	1602	0.591264231954396	0.670146000798371
zf-UBP	8	1	15144	1602	0.591264231954396	0.670146000798371
HLH	49	5	15144	1602	0.602625731199188	0.682217808904742
ABC2_membrane	19	2	15144	1602	0.612034043677318	0.691238449329676
SNF	19	2	15144	1602	0.612034043677318	0.691238449329676
7tm_3	9	1	15144	1602	0.63452498118861	0.704212695885625
ArfGap	9	1	15144	1602	0.63452498118861	0.704212695885625
BIR	9	1	15144	1602	0.63452498118861	0.704212695885625
Cyclin_C	9	1	15144	1602	0.63452498118861	0.704212695885625
DAO	9	1	15144	1602	0.63452498118861	0.704212695885625
dsrm	9	1	15144	1602	0.63452498118861	0.704212695885625
Endonuclease_NS	9	1	15144	1602	0.63452498118861	0.704212695885625
FKBP_C	9	1	15144	1602	0.63452498118861	0.704212695885625
FXa_inhibition	9	1	15144	1602	0.63452498118861	0.704212695885625
JAB	9	1	15144	1602	0.63452498118861	0.704212695885625
LRR_9	9	1	15144	1602	0.63452498118861	0.704212695885625
MIF4G	9	1	15144	1602	0.63452498118861	0.704212695885625
NAD_binding_1	9	1	15144	1602	0.63452498118861	0.704212695885625
Trehalose_recp	9	1	15144	1602	0.63452498118861	0.704212695885625
Zip	9	1	15144	1602	0.63452498118861	0.704212695885625
ABC_membrane	20	2	15144	1602	0.640467407207215	0.705911263971213
CUB	20	2	15144	1602	0.640467407207215	0.705911263971213
Fibrinogen_C	51	5	15144	1602	0.638821501719974	0.705911263971213
V-set	20	2	15144	1602	0.640467407207215	0.705911263971213
WD40	131	13	15144	1602	0.638747127703623	0.705911263971213
WW	20	2	15144	1602	0.640467407207215	0.705911263971213
Hormone_recep	21	2	15144	1602	0.667230920645483	0.734566151169339
FA_desaturase	10	1	15144	1602	0.673209552059825	0.735245927164314
Gal-bind_lectin	10	1	15144	1602	0.673209552059825	0.735245927164314
Na_Ca_ex	10	1	15144	1602	0.673209552059825	0.735245927164314
Peptidase_S28	10	1	15144	1602	0.673209552059825	0.735245927164314
Pkinase_C	10	1	15144	1602	0.673209552059825	0.735245927164314
PP2C	10	1	15144	1602	0.673209552059825	0.735245927164314
zf-CCCH	10	1	15144	1602	0.673209552059825	0.735245927164314
fn3	43	4	15144	1602	0.680612850125005	0.742486745590914
Guanylate_cyc	22	2	15144	1602	0.692359475947802	0.753588545249309
zf-C4	22	2	15144	1602	0.692359475947802	0.753588545249309
AAA_5	11	1	15144	1602	0.707801748280267	0.763471548706804
AAA_6	11	1	15144	1602	0.707801748280267	0.763471548706804
AAA_8	11	1	15144	1602	0.707801748280267	0.763471548706804
CN_hydrolase	11	1	15144	1602	0.707801748280267	0.763471548706804
Cpn60_TCP1	11	1	15144	1602	0.707801748280267	0.763471548706804
IBN_N	11	1	15144	1602	0.707801748280267	0.763471548706804
NUDIX	11	1	15144	1602	0.707801748280267	0.763471548706804
RGS	11	1	15144	1602	0.707801748280267	0.763471548706804
PHD	23	2	15144	1602	0.715899267061207	0.770474547509819
TPR_8	23	2	15144	1602	0.715899267061207	0.770474547509819
ABC_tran	56	5	15144	1602	0.719882957246089	0.773894332537788
AA_permease_2	12	1	15144	1602	0.738734253352295	0.783629705213485
AAA_7	12	1	15144	1602	0.738734253352295	0.783629705213485
AAA_9	12	1	15144	1602	0.738734253352295	0.783629705213485
adh_short	46	4	15144	1602	0.731480938664412	0.783629705213485
ANAPC4_WD40	12	1	15144	1602	0.738734253352295	0.783629705213485
Cyt-b5	12	1	15144	1602	0.738734253352295	0.783629705213485
Dynein_heavy	12	1	15144	1602	0.738734253352295	0.783629705213485
ig	12	1	15144	1602	0.738734253352295	0.783629705213485
Ion_trans_2	12	1	15144	1602	0.738734253352295	0.783629705213485
Methyltransf_FA	12	1	15144	1602	0.738734253352295	0.783629705213485
MT	12	1	15144	1602	0.738734253352295	0.783629705213485
TIR	12	1	15144	1602	0.738734253352295	0.783629705213485
EF-hand_7	47	4	15144	1602	0.74701872802806	0.79154302307609
JHBP	25	2	15144	1602	0.758437631008093	0.802756478244509
Astacin	13	1	15144	1602	0.766394029067972	0.808503591104674
DHC_N2	13	1	15144	1602	0.766394029067972	0.808503591104674
Pro_isomerase	13	1	15144	1602	0.766394029067972	0.808503591104674
Cuticle_4	26	2	15144	1602	0.77756233109978	0.818486664315558
UQ_con	26	2	15144	1602	0.77756233109978	0.818486664315558
bZIP_2	14	1	15144	1602	0.791127144224479	0.82822470932988
CD36	14	1	15144	1602	0.791127144224479	0.82822470932988
G-patch	14	1	15144	1602	0.791127144224479	0.82822470932988
MMR_HSR1	14	1	15144	1602	0.791127144224479	0.82822470932988
TSP_1	14	1	15144	1602	0.791127144224479	0.82822470932988
RRM_1	127	11	15144	1602	0.799647786959977	0.836232979827427
Histone	28	2	15144	1602	0.811860970425652	0.847680097625573
PCI	15	1	15144	1602	0.813243093659535	0.847680097625573
THAP	15	1	15144	1602	0.813243093659535	0.847680097625573
AAA	41	3	15144	1602	0.823437936850224	0.856446824892974
Ion_trans	41	3	15144	1602	0.823437936850224	0.856446824892974
Peptidase_M14	29	2	15144	1602	0.827173846144183	0.859401398591359
Ldl_recept_a	30	2	15144	1602	0.841354773190974	0.873189818663065
Peptidase_C14	17	1	15144	1602	0.850701375842771	0.881936631543262
DUF4806	31	2	15144	1602	0.854471708490308	0.884889795200318
Cyclin_N	18	1	15144	1602	0.866512600533713	0.893584609029717
LIM	32	2	15144	1602	0.866590907298611	0.893584609029717
p450	114	9	15144	1602	0.864106401716026	0.893584609029717
zf-C2H2_4	32	2	15144	1602	0.866590907298611	0.893584609029717
BTB	69	5	15144	1602	0.867597427768004	0.89366258654215
ANF_receptor	20	1	15144	1602	0.893291502922616	0.918158289941876
CAP	20	1	15144	1602	0.893291502922616	0.918158289941876
An_peroxidase	21	1	15144	1602	0.904594532036473	0.926799093655298
Neur_chan_memb	21	1	15144	1602	0.904594532036473	0.926799093655298
UCH	21	1	15144	1602	0.904594532036473	0.926799093655298
Abhydrolase_1	22	1	15144	1602	0.914700963278791	0.935157534342534
DM4_12	22	1	15144	1602	0.914700963278791	0.935157534342534
zf-MYND	38	2	15144	1602	0.921768398249286	0.941380491829058
BACK	24	1	15144	1602	0.931817073268413	0.949622495050612
HMG_box	24	1	15144	1602	0.931817073268413	0.949622495050612
Helicase_C	80	5	15144	1602	0.935219917727615	0.952079661737551
7tm_1	81	5	15144	1602	0.939481838716791	0.954394248855153
Laminin_G_2	25	1	15144	1602	0.939041216695927	0.954394248855153
DEAD	56	3	15144	1602	0.944620922777226	0.957168512581196
Ig_3	95	6	15144	1602	0.945203906173931	0.957168512581196
zf-C2H2_6	56	3	15144	1602	0.944620922777226	0.957168512581196
LRR_6	27	1	15144	1602	0.951275501360686	0.961288927690798
zf-met	43	2	15144	1602	0.950515968110626	0.961288927690798
F-box-like	29	1	15144	1602	0.961055615233651	0.969131712840656
Lectin_C	29	1	15144	1602	0.961055615233651	0.969131712840656
PBP_GOBP	61	3	15144	1602	0.963347329359144	0.970423332827679
I-set	91	5	15144	1602	0.970094092513187	0.976195313220817
Sugar_tr	50	2	15144	1602	0.974350446463875	0.979451757701906
Homeobox	87	2	15144	1602	0.999342308985551	0.999999999971211
LRR_8	147	5	15144	1602	0.999674920647333	0.999999999971211
Trypsin	337	6	15144	1602	0.999999999971211	0.999999999971211
zf-AD	136	2	15144	1602	0.999996004203378	0.999999999971211
zf-C2H2	268	10	15144	1602	0.999990830951073	0.999999999971211
