annot	freq_in_pop	freq_in_int	total_ano_in_pop	total_ano_in_int	pval	pval_adj
CLIP	23	12	15144	2015	9.70916369193163e-06	0.00672462295684303
MCM	9	7	15144	2015	2.05855804801317e-05	0.00672462295684303
MCM_OB	9	7	15144	2015	2.05855804801317e-05	0.00672462295684303
zf-MYND	38	15	15144	2015	5.21633625855134e-05	0.0127800238334508
DHC_N2	13	8	15144	2015	6.68723440764349e-05	0.0131069794389812
Trypsin	337	70	15144	2015	8.12784821806182e-05	0.0132754854228343
AAA_6	11	7	15144	2015	0.00014763711067836	0.0144961889739776
AAA_8	11	7	15144	2015	0.00014763711067836	0.0144961889739776
Kinesin	21	10	15144	2015	0.000147920295652833	0.0144961889739776
SET	40	15	15144	2015	0.000104506559937183	0.0144961889739776
AAA_7	12	7	15144	2015	0.000313546022662348	0.0192046938880688
AAA_9	12	7	15144	2015	0.000313546022662348	0.0192046938880688
Dynein_heavy	12	7	15144	2015	0.000313546022662348	0.0192046938880688
MT	12	7	15144	2015	0.000313546022662348	0.0192046938880688
MutS_III	4	4	15144	2015	0.000312619413055946	0.0192046938880688
MutS_V	4	4	15144	2015	0.000312619413055946	0.0192046938880688
Sugar_tr	50	16	15144	2015	0.000514325265833794	0.0296493388539481
OS-D	7	5	15144	2015	0.000690024132739485	0.0375679805602608
PTCB-BRCT	5	4	15144	2015	0.00139699993459135	0.072055786099975
ARL2_Bind_BART	3	3	15144	2015	0.0023525698474553	0.0823399446609357
DUF1126	3	3	15144	2015	0.0023525698474553	0.0823399446609357
DUF4749	3	3	15144	2015	0.0023525698474553	0.0823399446609357
ERCC4	3	3	15144	2015	0.0023525698474553	0.0823399446609357
FAD_binding_8	3	3	15144	2015	0.0023525698474553	0.0823399446609357
Ferric_reduct	3	3	15144	2015	0.0023525698474553	0.0823399446609357
KIAA1430	3	3	15144	2015	0.0023525698474553	0.0823399446609357
NAD_binding_6	3	3	15144	2015	0.0023525698474553	0.0823399446609357
Polysacc_deac_1	3	3	15144	2015	0.0023525698474553	0.0823399446609357
DOMON	12	6	15144	2015	0.00248118022960895	0.0838467801729921
CBM_14	101	24	15144	2015	0.00296112825752627	0.0967301897458582
Cyclin_C	9	5	15144	2015	0.00328195674021872	0.100509925169198
TTL	9	5	15144	2015	0.00328195674021872	0.100509925169198
JHBP	25	9	15144	2015	0.00352688760570736	0.104737874351309
MCM_N	6	4	15144	2015	0.00374784006384639	0.108025978310866
cNMP_binding	17	7	15144	2015	0.00419640412911601	0.117499315615248
EGF_CA	22	8	15144	2015	0.00547849619853764	0.149136840960191
Glyco_hydro_18	32	10	15144	2015	0.0067991330269329	0.180085145037682
Calponin	4	3	15144	2015	0.00847242115065338	0.193092389014891
CLASP_N	4	3	15144	2015	0.00847242115065338	0.193092389014891
DM13	4	3	15144	2015	0.00847242115065338	0.193092389014891
LEM	4	3	15144	2015	0.00847242115065338	0.193092389014891
MIP	7	4	15144	2015	0.00782492797198893	0.193092389014891
Tektin	4	3	15144	2015	0.00847242115065338	0.193092389014891
AAA_5	11	5	15144	2015	0.00955726572656422	0.212866373000748
Alpha-amylase_C	5	3	15144	2015	0.0190855529747464	0.233798023940643
Borealin	2	2	15144	2015	0.0176962804918869	0.233798023940643
BRCT	5	3	15144	2015	0.0190855529747464	0.233798023940643
Casc1	2	2	15144	2015	0.0176962804918869	0.233798023940643
Casc1_N	2	2	15144	2015	0.0176962804918869	0.233798023940643
CBM_21	2	2	15144	2015	0.0176962804918869	0.233798023940643
cEGF	2	2	15144	2015	0.0176962804918869	0.233798023940643
CitMHS	2	2	15144	2015	0.0176962804918869	0.233798023940643
COE1_DBD	2	2	15144	2015	0.0176962804918869	0.233798023940643
DC_STAMP	2	2	15144	2015	0.0176962804918869	0.233798023940643
DUF4729	2	2	15144	2015	0.0176962804918869	0.233798023940643
DUF667	2	2	15144	2015	0.0176962804918869	0.233798023940643
Dynein_light	2	2	15144	2015	0.0176962804918869	0.233798023940643
E1_DerP2_DerF2	16	6	15144	2015	0.0134110388376885	0.233798023940643
EGF_3	2	2	15144	2015	0.0176962804918869	0.233798023940643
Folate_carrier	2	2	15144	2015	0.0176962804918869	0.233798023940643
Gln-synt_C	2	2	15144	2015	0.0176962804918869	0.233798023940643
Gln-synt_N	2	2	15144	2015	0.0176962804918869	0.233798023940643
GST_C_3	5	3	15144	2015	0.0190855529747464	0.233798023940643
HHH	2	2	15144	2015	0.0176962804918869	0.233798023940643
HhH-GPD	2	2	15144	2015	0.0176962804918869	0.233798023940643
MBF2	5	3	15144	2015	0.0190855529747464	0.233798023940643
MutS_I	2	2	15144	2015	0.0176962804918869	0.233798023940643
MutS_II	2	2	15144	2015	0.0176962804918869	0.233798023940643
MutS_IV	2	2	15144	2015	0.0176962804918869	0.233798023940643
Myosin_tail_1	5	3	15144	2015	0.0190855529747464	0.233798023940643
NYD-SP28	2	2	15144	2015	0.0176962804918869	0.233798023940643
OST-HTH	5	3	15144	2015	0.0190855529747464	0.233798023940643
SHIPPO-rpt	2	2	15144	2015	0.0176962804918869	0.233798023940643
TPH	2	2	15144	2015	0.0176962804918869	0.233798023940643
Trehalose_PPase	2	2	15144	2015	0.0176962804918869	0.233798023940643
Troponin	2	2	15144	2015	0.0176962804918869	0.233798023940643
Tubulin	12	5	15144	2015	0.0146116125101037	0.233798023940643
Tubulin_C	12	5	15144	2015	0.0146116125101037	0.233798023940643
UDPGT	26	8	15144	2015	0.0164639162105918	0.233798023940643
zf-C2HC_2	2	2	15144	2015	0.0176962804918869	0.233798023940643
Kazal_2	9	4	15144	2015	0.022595920272803	0.273382739103049
Alpha-amylase	18	6	15144	2015	0.0246119504486516	0.290598933008175
Cyclin_N	18	6	15144	2015	0.0246119504486516	0.290598933008175
Acyl_transf_3	23	7	15144	2015	0.0258141172064222	0.301164700741592
AA_kinase	1	1	15144	2015	0.133055995773904	0.322117139350159
AAA_16	3	2	15144	2015	0.0483837017807499	0.322117139350159
AAA_23	1	1	15144	2015	0.133055995773904	0.322117139350159
AAA_34	1	1	15144	2015	0.133055995773904	0.322117139350159
ABC2_membrane_3	11	4	15144	2015	0.0475917907764414	0.322117139350159
Acetyltransf_1	18	5	15144	2015	0.0804058604440772	0.322117139350159
Actin	14	5	15144	2015	0.0294210055048174	0.322117139350159
ADP_PFK_GK	1	1	15144	2015	0.133055995773904	0.322117139350159
ADP_ribosyl_GH	1	1	15144	2015	0.133055995773904	0.322117139350159
AFG1_ATPase	1	1	15144	2015	0.133055995773904	0.322117139350159
AIF_C	1	1	15144	2015	0.133055995773904	0.322117139350159
ALMS_motif	1	1	15144	2015	0.133055995773904	0.322117139350159
Alpha_L_fucos	1	1	15144	2015	0.133055995773904	0.322117139350159
Alpha-mann_mid	5	2	15144	2015	0.134434602034913	0.322117139350159
Aminotran_3	5	2	15144	2015	0.134434602034913	0.322117139350159
ANAPC4	1	1	15144	2015	0.133055995773904	0.322117139350159
Anillin	1	1	15144	2015	0.133055995773904	0.322117139350159
Anophelin	1	1	15144	2015	0.133055995773904	0.322117139350159
AP_endonuc_2	1	1	15144	2015	0.133055995773904	0.322117139350159
ApoLp-III	1	1	15144	2015	0.133055995773904	0.322117139350159
ApoO	1	1	15144	2015	0.133055995773904	0.322117139350159
Arginosuc_synth	1	1	15144	2015	0.133055995773904	0.322117139350159
Arm	6	3	15144	2015	0.0344232658856465	0.322117139350159
Arm_3	3	2	15144	2015	0.0483837017807499	0.322117139350159
ASH	1	1	15144	2015	0.133055995773904	0.322117139350159
Asp_Arg_Hydrox	1	1	15144	2015	0.133055995773904	0.322117139350159
ATP-cone	1	1	15144	2015	0.133055995773904	0.322117139350159
ATP-synt_C	5	2	15144	2015	0.134434602034913	0.322117139350159
Attacin_C	1	1	15144	2015	0.133055995773904	0.322117139350159
Ax_dynein_light	1	1	15144	2015	0.133055995773904	0.322117139350159
BBL5	1	1	15144	2015	0.133055995773904	0.322117139350159
BEN	1	1	15144	2015	0.133055995773904	0.322117139350159
BESS	5	2	15144	2015	0.134434602034913	0.322117139350159
BHD_1	5	2	15144	2015	0.134434602034913	0.322117139350159
BHD_3	5	2	15144	2015	0.134434602034913	0.322117139350159
BORA_N	1	1	15144	2015	0.133055995773904	0.322117139350159
BPL_C	1	1	15144	2015	0.133055995773904	0.322117139350159
BRCT_2	4	2	15144	2015	0.0882949824108466	0.322117139350159
BTB_3	1	1	15144	2015	0.133055995773904	0.322117139350159
CAAP1	1	1	15144	2015	0.133055995773904	0.322117139350159
Cadherin_3	1	1	15144	2015	0.133055995773904	0.322117139350159
CAF1A	1	1	15144	2015	0.133055995773904	0.322117139350159
CALM_bind	1	1	15144	2015	0.133055995773904	0.322117139350159
CAP	20	5	15144	2015	0.116661963946938	0.322117139350159
Carb_anhydrase	13	4	15144	2015	0.0831466838144749	0.322117139350159
CBM_48	1	1	15144	2015	0.133055995773904	0.322117139350159
CCDC85	1	1	15144	2015	0.133055995773904	0.322117139350159
CD36	14	5	15144	2015	0.0294210055048174	0.322117139350159
CDT1	1	1	15144	2015	0.133055995773904	0.322117139350159
CDT1_C	1	1	15144	2015	0.133055995773904	0.322117139350159
Ceramidase	1	1	15144	2015	0.133055995773904	0.322117139350159
CH	25	6	15144	2015	0.10512263883851	0.322117139350159
CH_2	1	1	15144	2015	0.133055995773904	0.322117139350159
Claudin_2	6	3	15144	2015	0.0344232658856465	0.322117139350159
CLIP1_ZNF	1	1	15144	2015	0.133055995773904	0.322117139350159
CLTH	5	2	15144	2015	0.134434602034913	0.322117139350159
Cmyb_C	1	1	15144	2015	0.133055995773904	0.322117139350159
Cnd3	1	1	15144	2015	0.133055995773904	0.322117139350159
Codanin-1_C	1	1	15144	2015	0.133055995773904	0.322117139350159
COE1_HLH	1	1	15144	2015	0.133055995773904	0.322117139350159
COesterase	51	11	15144	2015	0.0689804803052636	0.322117139350159
COG7	1	1	15144	2015	0.133055995773904	0.322117139350159
Comm	1	1	15144	2015	0.133055995773904	0.322117139350159
COMP	1	1	15144	2015	0.133055995773904	0.322117139350159
Crust_neurohorm	1	1	15144	2015	0.133055995773904	0.322117139350159
Cu-oxidase	6	3	15144	2015	0.0344232658856465	0.322117139350159
Cu-oxidase_2	6	3	15144	2015	0.0344232658856465	0.322117139350159
Cu-oxidase_3	6	3	15144	2015	0.0344232658856465	0.322117139350159
Cul7	1	1	15144	2015	0.133055995773904	0.322117139350159
CytochromB561_N	1	1	15144	2015	0.133055995773904	0.322117139350159
DAG_kinase_N	1	1	15144	2015	0.133055995773904	0.322117139350159
DB	1	1	15144	2015	0.133055995773904	0.322117139350159
Dcc1	1	1	15144	2015	0.133055995773904	0.322117139350159
DHC_N1	8	3	15144	2015	0.0785880690250974	0.322117139350159
DHDPS	1	1	15144	2015	0.133055995773904	0.322117139350159
DNA_photolyase	4	2	15144	2015	0.0882949824108466	0.322117139350159
DNase_II	1	1	15144	2015	0.133055995773904	0.322117139350159
DoxX_2	1	1	15144	2015	0.133055995773904	0.322117139350159
DPPIV_N	6	3	15144	2015	0.0344232658856465	0.322117139350159
Dpy-30	3	2	15144	2015	0.0483837017807499	0.322117139350159
dsrm	9	3	15144	2015	0.106584143401244	0.322117139350159
DUF1074	1	1	15144	2015	0.133055995773904	0.322117139350159
DUF1136	1	1	15144	2015	0.133055995773904	0.322117139350159
DUF1358	1	1	15144	2015	0.133055995773904	0.322117139350159
DUF1431	1	1	15144	2015	0.133055995773904	0.322117139350159
DUF155	1	1	15144	2015	0.133055995773904	0.322117139350159
DUF1744	1	1	15144	2015	0.133055995773904	0.322117139350159
DUF1989	1	1	15144	2015	0.133055995773904	0.322117139350159
DUF2371	1	1	15144	2015	0.133055995773904	0.322117139350159
DUF2475	1	1	15144	2015	0.133055995773904	0.322117139350159
DUF2870	1	1	15144	2015	0.133055995773904	0.322117139350159
DUF2967	1	1	15144	2015	0.133055995773904	0.322117139350159
DUF3342	1	1	15144	2015	0.133055995773904	0.322117139350159
DUF3657	1	1	15144	2015	0.133055995773904	0.322117139350159
DUF3668	1	1	15144	2015	0.133055995773904	0.322117139350159
DUF3695	1	1	15144	2015	0.133055995773904	0.322117139350159
DUF4042	1	1	15144	2015	0.133055995773904	0.322117139350159
DUF4062	1	1	15144	2015	0.133055995773904	0.322117139350159
DUF4200	1	1	15144	2015	0.133055995773904	0.322117139350159
DUF4207	1	1	15144	2015	0.133055995773904	0.322117139350159
DUF4414	1	1	15144	2015	0.133055995773904	0.322117139350159
DUF4464	1	1	15144	2015	0.133055995773904	0.322117139350159
DUF4470	1	1	15144	2015	0.133055995773904	0.322117139350159
DUF4471	1	1	15144	2015	0.133055995773904	0.322117139350159
DUF4485	1	1	15144	2015	0.133055995773904	0.322117139350159
DUF4490	1	1	15144	2015	0.133055995773904	0.322117139350159
DUF4497	1	1	15144	2015	0.133055995773904	0.322117139350159
DUF4736	1	1	15144	2015	0.133055995773904	0.322117139350159
DUF4746	1	1	15144	2015	0.133055995773904	0.322117139350159
DUF4770	1	1	15144	2015	0.133055995773904	0.322117139350159
DUF4771	1	1	15144	2015	0.133055995773904	0.322117139350159
DUF4776	1	1	15144	2015	0.133055995773904	0.322117139350159
DUF4790	1	1	15144	2015	0.133055995773904	0.322117139350159
DUF4794	1	1	15144	2015	0.133055995773904	0.322117139350159
DUF4795	1	1	15144	2015	0.133055995773904	0.322117139350159
DUF4807	1	1	15144	2015	0.133055995773904	0.322117139350159
DUF4818	1	1	15144	2015	0.133055995773904	0.322117139350159
DUF4820	1	1	15144	2015	0.133055995773904	0.322117139350159
DUF5050	1	1	15144	2015	0.133055995773904	0.322117139350159
DUF676	1	1	15144	2015	0.133055995773904	0.322117139350159
DUF745	1	1	15144	2015	0.133055995773904	0.322117139350159
DUF753	4	2	15144	2015	0.0882949824108466	0.322117139350159
DUF758	1	1	15144	2015	0.133055995773904	0.322117139350159
DuoxA	1	1	15144	2015	0.133055995773904	0.322117139350159
Dzip-like_N	1	1	15144	2015	0.133055995773904	0.322117139350159
EF-hand_3	1	1	15144	2015	0.133055995773904	0.322117139350159
EF-hand_7	47	10	15144	2015	0.0868451339798243	0.322117139350159
ELM2	7	3	15144	2015	0.0543720193208896	0.322117139350159
EloA-BP1	1	1	15144	2015	0.133055995773904	0.322117139350159
Enkurin	1	1	15144	2015	0.133055995773904	0.322117139350159
ENT	1	1	15144	2015	0.133055995773904	0.322117139350159
ERG4_ERG24	1	1	15144	2015	0.133055995773904	0.322117139350159
FancD2	1	1	15144	2015	0.133055995773904	0.322117139350159
FAP206	1	1	15144	2015	0.133055995773904	0.322117139350159
FH2	6	3	15144	2015	0.0344232658856465	0.322117139350159
FHA	18	5	15144	2015	0.0804058604440772	0.322117139350159
FIBP	1	1	15144	2015	0.133055995773904	0.322117139350159
Filamin	4	2	15144	2015	0.0882949824108466	0.322117139350159
FimP	1	1	15144	2015	0.133055995773904	0.322117139350159
Fringe	4	2	15144	2015	0.0882949824108466	0.322117139350159
Fucosidase_C	1	1	15144	2015	0.133055995773904	0.322117139350159
Fuseless	1	1	15144	2015	0.133055995773904	0.322117139350159
FXa_inhibition	9	3	15144	2015	0.106584143401244	0.322117139350159
G_glu_transpept	4	2	15144	2015	0.0882949824108466	0.322117139350159
G2F	1	1	15144	2015	0.133055995773904	0.322117139350159
GalP_UDP_tr_C	1	1	15144	2015	0.133055995773904	0.322117139350159
GalP_UDP_transf	1	1	15144	2015	0.133055995773904	0.322117139350159
GARS_A	1	1	15144	2015	0.133055995773904	0.322117139350159
GARS_C	1	1	15144	2015	0.133055995773904	0.322117139350159
GARS_N	1	1	15144	2015	0.133055995773904	0.322117139350159
GAS	1	1	15144	2015	0.133055995773904	0.322117139350159
Gcd10p	1	1	15144	2015	0.133055995773904	0.322117139350159
GD_N	6	3	15144	2015	0.0344232658856465	0.322117139350159
GDE_C	1	1	15144	2015	0.133055995773904	0.322117139350159
GILT	5	2	15144	2015	0.134434602034913	0.322117139350159
GKAP	1	1	15144	2015	0.133055995773904	0.322117139350159
GLE1	1	1	15144	2015	0.133055995773904	0.322117139350159
Globin	3	2	15144	2015	0.0483837017807499	0.322117139350159
Gly_rich	1	1	15144	2015	0.133055995773904	0.322117139350159
Glyco_hydro_31	5	2	15144	2015	0.134434602034913	0.322117139350159
Glyco_hydro_38	5	2	15144	2015	0.134434602034913	0.322117139350159
Glyco_hydro_38C	5	2	15144	2015	0.134434602034913	0.322117139350159
Glyco_transf_20	1	1	15144	2015	0.133055995773904	0.322117139350159
Glycogen_syn	1	1	15144	2015	0.133055995773904	0.322117139350159
Glyoxalase_4	1	1	15144	2015	0.133055995773904	0.322117139350159
GTP_cyclohydroI	1	1	15144	2015	0.133055995773904	0.322117139350159
HARP	1	1	15144	2015	0.133055995773904	0.322117139350159
HAUS-augmin3	1	1	15144	2015	0.133055995773904	0.322117139350159
HAUS5	1	1	15144	2015	0.133055995773904	0.322117139350159
HAUS6_N	1	1	15144	2015	0.133055995773904	0.322117139350159
hDGE_amylase	1	1	15144	2015	0.133055995773904	0.322117139350159
Headcase	1	1	15144	2015	0.133055995773904	0.322117139350159
HECA	1	1	15144	2015	0.133055995773904	0.322117139350159
Helicase_C_4	1	1	15144	2015	0.133055995773904	0.322117139350159
hGDE_central	1	1	15144	2015	0.133055995773904	0.322117139350159
hGDE_N	1	1	15144	2015	0.133055995773904	0.322117139350159
HgmA	1	1	15144	2015	0.133055995773904	0.322117139350159
Homeobox	87	17	15144	2015	0.0648329442959927	0.322117139350159
Hus1	1	1	15144	2015	0.133055995773904	0.322117139350159
Hyccin	1	1	15144	2015	0.133055995773904	0.322117139350159
IBB	3	2	15144	2015	0.0483837017807499	0.322117139350159
IFT46_B_C	1	1	15144	2015	0.133055995773904	0.322117139350159
IFT57	1	1	15144	2015	0.133055995773904	0.322117139350159
Indigoidine_A	1	1	15144	2015	0.133055995773904	0.322117139350159
Inos-1-P_synth	1	1	15144	2015	0.133055995773904	0.322117139350159
Ins_P5_2-kin	1	1	15144	2015	0.133055995773904	0.322117139350159
IQ	19	6	15144	2015	0.0320260559022286	0.322117139350159
KOG2701	1	1	15144	2015	0.133055995773904	0.322117139350159
Lactamase_B_4	1	1	15144	2015	0.133055995773904	0.322117139350159
Laminin_G_2	25	6	15144	2015	0.10512263883851	0.322117139350159
Ldl_recept_a	30	7	15144	2015	0.0944080498526478	0.322117139350159
Lebercilin	1	1	15144	2015	0.133055995773904	0.322117139350159
Lectin_C	29	8	15144	2015	0.0315185694882042	0.322117139350159
LIM	32	7	15144	2015	0.123947041594773	0.322117139350159
Lipase	28	7	15144	2015	0.0692657531743041	0.322117139350159
LIX1	1	1	15144	2015	0.133055995773904	0.322117139350159
LRR_9	9	3	15144	2015	0.106584143401244	0.322117139350159
Lys	8	3	15144	2015	0.0785880690250974	0.322117139350159
Lysyl_oxidase	1	1	15144	2015	0.133055995773904	0.322117139350159
Macoilin	1	1	15144	2015	0.133055995773904	0.322117139350159
Mak10	1	1	15144	2015	0.133055995773904	0.322117139350159
Mannosyl_trans	1	1	15144	2015	0.133055995773904	0.322117139350159
Mannosyl_trans2	1	1	15144	2015	0.133055995773904	0.322117139350159
Mcm10	1	1	15144	2015	0.133055995773904	0.322117139350159
Meckelin	1	1	15144	2015	0.133055995773904	0.322117139350159
Med23	1	1	15144	2015	0.133055995773904	0.322117139350159
Med24_N	1	1	15144	2015	0.133055995773904	0.322117139350159
Metallothio_5	1	1	15144	2015	0.133055995773904	0.322117139350159
Methyltransf_PK	1	1	15144	2015	0.133055995773904	0.322117139350159
Microtub_bind	1	1	15144	2015	0.133055995773904	0.322117139350159
MKLP1_Arf_bdg	1	1	15144	2015	0.133055995773904	0.322117139350159
MMPL	1	1	15144	2015	0.133055995773904	0.322117139350159
MRNIP	1	1	15144	2015	0.133055995773904	0.322117139350159
MSC	1	1	15144	2015	0.133055995773904	0.322117139350159
MutL_C	1	1	15144	2015	0.133055995773904	0.322117139350159
Myb_DNA-bind_6	3	2	15144	2015	0.0483837017807499	0.322117139350159
Myb_DNA-binding	9	3	15144	2015	0.106584143401244	0.322117139350159
Na_Ca_ex	10	4	15144	2015	0.0337610543946679	0.322117139350159
Na_H_Exchanger	5	2	15144	2015	0.134434602034913	0.322117139350159
NAD_binding_5	1	1	15144	2015	0.133055995773904	0.322117139350159
Ndc80_HEC	1	1	15144	2015	0.133055995773904	0.322117139350159
NDUF_B4	1	1	15144	2015	0.133055995773904	0.322117139350159
Neurochondrin	1	1	15144	2015	0.133055995773904	0.322117139350159
NosD	1	1	15144	2015	0.133055995773904	0.322117139350159
NRDE-2	1	1	15144	2015	0.133055995773904	0.322117139350159
NTPase_1	1	1	15144	2015	0.133055995773904	0.322117139350159
Nuf2	1	1	15144	2015	0.133055995773904	0.322117139350159
Nup88	1	1	15144	2015	0.133055995773904	0.322117139350159
NYD-SP28_assoc	1	1	15144	2015	0.133055995773904	0.322117139350159
OAF	1	1	15144	2015	0.133055995773904	0.322117139350159
OATP	7	3	15144	2015	0.0543720193208896	0.322117139350159
OHCU_decarbox	1	1	15144	2015	0.133055995773904	0.322117139350159
ORC3_N	1	1	15144	2015	0.133055995773904	0.322117139350159
ORC4_C	1	1	15144	2015	0.133055995773904	0.322117139350159
ORC6	1	1	15144	2015	0.133055995773904	0.322117139350159
PADR1	1	1	15144	2015	0.133055995773904	0.322117139350159
PAP_assoc	5	2	15144	2015	0.134434602034913	0.322117139350159
PARP_reg	1	1	15144	2015	0.133055995773904	0.322117139350159
PDDEXK_1	1	1	15144	2015	0.133055995773904	0.322117139350159
Peptidase_C97	1	1	15144	2015	0.133055995773904	0.322117139350159
Peptidase_M14	29	7	15144	2015	0.0812762207107903	0.322117139350159
Peptidase_M17	5	2	15144	2015	0.134434602034913	0.322117139350159
Peptidase_M17_N	3	2	15144	2015	0.0483837017807499	0.322117139350159
Peptidase_S9	7	3	15144	2015	0.0543720193208896	0.322117139350159
Phosphorylase	1	1	15144	2015	0.133055995773904	0.322117139350159
Phtf-FEM1B_bdg	1	1	15144	2015	0.133055995773904	0.322117139350159
PIF1	1	1	15144	2015	0.133055995773904	0.322117139350159
Pigment_DH	1	1	15144	2015	0.133055995773904	0.322117139350159
PINIT	1	1	15144	2015	0.133055995773904	0.322117139350159
PK	1	1	15144	2015	0.133055995773904	0.322117139350159
PK_C	1	1	15144	2015	0.133055995773904	0.322117139350159
Pkinase	160	29	15144	2015	0.0500894338729154	0.322117139350159
PLDc_2	3	2	15144	2015	0.0483837017807499	0.322117139350159
POLO_box	1	1	15144	2015	0.133055995773904	0.322117139350159
PrmA	5	2	15144	2015	0.134434602034913	0.322117139350159
Propep_M14	16	5	15144	2015	0.0512398024391228	0.322117139350159
PRT_C	1	1	15144	2015	0.133055995773904	0.322117139350159
PSS	1	1	15144	2015	0.133055995773904	0.322117139350159
PWWP	7	3	15144	2015	0.0543720193208896	0.322117139350159
Q_salvage	1	1	15144	2015	0.133055995773904	0.322117139350159
Rad1	1	1	15144	2015	0.133055995773904	0.322117139350159
Rad50_zn_hook	1	1	15144	2015	0.133055995773904	0.322117139350159
Rad51	5	2	15144	2015	0.134434602034913	0.322117139350159
Rad60-SLD_2	1	1	15144	2015	0.133055995773904	0.322117139350159
Radial_spoke_3	1	1	15144	2015	0.133055995773904	0.322117139350159
RCC1_2	1	1	15144	2015	0.133055995773904	0.322117139350159
Reprolysin_3	1	1	15144	2015	0.133055995773904	0.322117139350159
REV1_C	1	1	15144	2015	0.133055995773904	0.322117139350159
RIB43A	1	1	15144	2015	0.133055995773904	0.322117139350159
Ribonuc_red_lgC	1	1	15144	2015	0.133055995773904	0.322117139350159
Ribonuc_red_lgN	1	1	15144	2015	0.133055995773904	0.322117139350159
Ribonucleas_3_3	1	1	15144	2015	0.133055995773904	0.322117139350159
RIIa	1	1	15144	2015	0.133055995773904	0.322117139350159
RNase_H2_suC	1	1	15144	2015	0.133055995773904	0.322117139350159
RNase_HII	1	1	15144	2015	0.133055995773904	0.322117139350159
RNase_Zc3h12a	3	2	15144	2015	0.0483837017807499	0.322117139350159
Rod_C	1	1	15144	2015	0.133055995773904	0.322117139350159
Rootletin	1	1	15144	2015	0.133055995773904	0.322117139350159
RPAP1_C	1	1	15144	2015	0.133055995773904	0.322117139350159
RPAP1_N	1	1	15144	2015	0.133055995773904	0.322117139350159
RPAP3_C	1	1	15144	2015	0.133055995773904	0.322117139350159
SbcCD_C	1	1	15144	2015	0.133055995773904	0.322117139350159
SEA	3	2	15144	2015	0.0483837017807499	0.322117139350159
SelR	1	1	15144	2015	0.133055995773904	0.322117139350159
SGL	4	2	15144	2015	0.0882949824108466	0.322117139350159
SHMT	1	1	15144	2015	0.133055995773904	0.322117139350159
Smg8_Smg9	1	1	15144	2015	0.133055995773904	0.322117139350159
SNF2_N	18	5	15144	2015	0.0804058604440772	0.322117139350159
Spc97_Spc98	5	2	15144	2015	0.134434602034913	0.322117139350159
SprT-like	1	1	15144	2015	0.133055995773904	0.322117139350159
Stathmin	1	1	15144	2015	0.133055995773904	0.322117139350159
Stork_head	1	1	15144	2015	0.133055995773904	0.322117139350159
TAN	1	1	15144	2015	0.133055995773904	0.322117139350159
TANGO2	1	1	15144	2015	0.133055995773904	0.322117139350159
Tctex-1	5	2	15144	2015	0.134434602034913	0.322117139350159
THEG	1	1	15144	2015	0.133055995773904	0.322117139350159
Thioredoxin_7	1	1	15144	2015	0.133055995773904	0.322117139350159
TIP41	1	1	15144	2015	0.133055995773904	0.322117139350159
TIP49	1	1	15144	2015	0.133055995773904	0.322117139350159
Tmem26	1	1	15144	2015	0.133055995773904	0.322117139350159
TPR_16	14	4	15144	2015	0.104636955138338	0.322117139350159
TraB	1	1	15144	2015	0.133055995773904	0.322117139350159
tRNA_int_end_N2	1	1	15144	2015	0.133055995773904	0.322117139350159
TSP_3	1	1	15144	2015	0.133055995773904	0.322117139350159
TSP_C	1	1	15144	2015	0.133055995773904	0.322117139350159
UPF0086	1	1	15144	2015	0.133055995773904	0.322117139350159
UPF0193	1	1	15144	2015	0.133055995773904	0.322117139350159
Use1	1	1	15144	2015	0.133055995773904	0.322117139350159
USP7_C2	1	1	15144	2015	0.133055995773904	0.322117139350159
USP7_ICP0_bdg	1	1	15144	2015	0.133055995773904	0.322117139350159
VASP_tetra	1	1	15144	2015	0.133055995773904	0.322117139350159
WD40_3	1	1	15144	2015	0.133055995773904	0.322117139350159
WGR	1	1	15144	2015	0.133055995773904	0.322117139350159
XLF	1	1	15144	2015	0.133055995773904	0.322117139350159
XRCC1_N	1	1	15144	2015	0.133055995773904	0.322117139350159
YLP	1	1	15144	2015	0.133055995773904	0.322117139350159
YqaJ	1	1	15144	2015	0.133055995773904	0.322117139350159
zf-AD	136	24	15144	2015	0.0887245017085665	0.322117139350159
zf-CHY	1	1	15144	2015	0.133055995773904	0.322117139350159
zf-PARP	1	1	15144	2015	0.133055995773904	0.322117139350159
zf-primase	1	1	15144	2015	0.133055995773904	0.322117139350159
zf-RING_5	1	1	15144	2015	0.133055995773904	0.322117139350159
zf-RRN7	1	1	15144	2015	0.133055995773904	0.322117139350159
zf-TRAF	1	1	15144	2015	0.133055995773904	0.322117139350159
zinc_ribbon_6	1	1	15144	2015	0.133055995773904	0.322117139350159
CRAL_TRIO	45	9	15144	2015	0.135932909116491	0.324912807156492
Ald_Xan_dh_C	10	3	15144	2015	0.137794038689777	0.325393151604776
Ald_Xan_dh_C2	10	3	15144	2015	0.137794038689777	0.325393151604776
CO_deh_flav_C	10	3	15144	2015	0.137794038689777	0.325393151604776
FAD_binding_5	10	3	15144	2015	0.137794038689777	0.325393151604776
STAS	10	3	15144	2015	0.137794038689777	0.325393151604776
Lig_chan	27	6	15144	2015	0.14026953970978	0.329650237207636
LRR_6	27	6	15144	2015	0.14026953970978	0.329650237207636
adh_short	46	9	15144	2015	0.150235782625917	0.352227432950715
AAA	41	8	15144	2015	0.170727184953109	0.39666859439654
Fer2_2	11	3	15144	2015	0.171619881657278	0.39666859439654
IBN_N	11	3	15144	2015	0.171619881657278	0.39666859439654
Pyridoxal_deC	11	3	15144	2015	0.171619881657278	0.39666859439654
Sulfate_transp	11	3	15144	2015	0.171619881657278	0.39666859439654
zf-C3HC4	11	3	15144	2015	0.171619881657278	0.39666859439654
2-Hacid_dh	6	2	15144	2015	0.184440270109547	0.414567579604027
2-Hacid_dh_C	6	2	15144	2015	0.184440270109547	0.414567579604027
CRAL_TRIO_N	6	2	15144	2015	0.184440270109547	0.414567579604027
DUF1397	6	2	15144	2015	0.184440270109547	0.414567579604027
F-box-like	29	6	15144	2015	0.180075423039897	0.414567579604027
FGGY_N	6	2	15144	2015	0.184440270109547	0.414567579604027
Glyco_hydro_1	6	2	15144	2015	0.184440270109547	0.414567579604027
Hydrolase_6	6	2	15144	2015	0.184440270109547	0.414567579604027
Hydrolase_like	6	2	15144	2015	0.184440270109547	0.414567579604027
NIF	6	2	15144	2015	0.184440270109547	0.414567579604027
Patched	6	2	15144	2015	0.184440270109547	0.414567579604027
TPR_8	23	5	15144	2015	0.182612082684913	0.414567579604027
3HCDH_N	2	1	15144	2015	0.24841571105592	0.427100696201407
Acylphosphatase	2	1	15144	2015	0.24841571105592	0.427100696201407
Ammonium_transp	2	1	15144	2015	0.24841571105592	0.427100696201407
ANAPC10	2	1	15144	2015	0.24841571105592	0.427100696201407
ANAPC4_WD40	12	3	15144	2015	0.207465882239834	0.427100696201407
B12D	2	1	15144	2015	0.24841571105592	0.427100696201407
B56	2	1	15144	2015	0.24841571105592	0.427100696201407
BACK	24	5	15144	2015	0.207119286311034	0.427100696201407
Bestrophin	2	1	15144	2015	0.24841571105592	0.427100696201407
Beta_helix	2	1	15144	2015	0.24841571105592	0.427100696201407
BolA	2	1	15144	2015	0.24841571105592	0.427100696201407
BPL_LplA_LipB	2	1	15144	2015	0.24841571105592	0.427100696201407
Calpain_III	7	2	15144	2015	0.23646757042501	0.427100696201407
Calreticulin	2	1	15144	2015	0.24841571105592	0.427100696201407
CAP_GLY	7	2	15144	2015	0.23646757042501	0.427100696201407
CBM39	7	2	15144	2015	0.23646757042501	0.427100696201407
CDC50	2	1	15144	2015	0.24841571105592	0.427100696201407
Cdc6_C	2	1	15144	2015	0.24841571105592	0.427100696201407
CEBP_ZZ	2	1	15144	2015	0.24841571105592	0.427100696201407
ChaC	2	1	15144	2015	0.24841571105592	0.427100696201407
Chibby	2	1	15144	2015	0.24841571105592	0.427100696201407
CLP1_P	2	1	15144	2015	0.24841571105592	0.427100696201407
Complex1_49kDa	2	1	15144	2015	0.24841571105592	0.427100696201407
COQ7	2	1	15144	2015	0.24841571105592	0.427100696201407
COX6A	2	1	15144	2015	0.24841571105592	0.427100696201407
CP2	2	1	15144	2015	0.24841571105592	0.427100696201407
CwfJ_C_1	2	1	15144	2015	0.24841571105592	0.427100696201407
CwfJ_C_2	2	1	15144	2015	0.24841571105592	0.427100696201407
Cyclin_C_2	2	1	15144	2015	0.24841571105592	0.427100696201407
DCX	2	1	15144	2015	0.24841571105592	0.427100696201407
Deltameth_res	2	1	15144	2015	0.24841571105592	0.427100696201407
Destabilase	2	1	15144	2015	0.24841571105592	0.427100696201407
DIRP	2	1	15144	2015	0.24841571105592	0.427100696201407
DMA	2	1	15144	2015	0.24841571105592	0.427100696201407
DNA_ligase_A_C	2	1	15144	2015	0.24841571105592	0.427100696201407
DNA_ligase_A_M	2	1	15144	2015	0.24841571105592	0.427100696201407
DNA_ligase_A_N	2	1	15144	2015	0.24841571105592	0.427100696201407
DNA_mis_repair	2	1	15144	2015	0.24841571105592	0.427100696201407
DRMBL	2	1	15144	2015	0.24841571105592	0.427100696201407
DSHCT	2	1	15144	2015	0.24841571105592	0.427100696201407
DUF1081	2	1	15144	2015	0.24841571105592	0.427100696201407
DUF1298	2	1	15144	2015	0.24841571105592	0.427100696201407
DUF2236	2	1	15144	2015	0.24841571105592	0.427100696201407
DUF4203	2	1	15144	2015	0.24841571105592	0.427100696201407
DUF4786	2	1	15144	2015	0.24841571105592	0.427100696201407
DUF4792	2	1	15144	2015	0.24841571105592	0.427100696201407
DUF4793	2	1	15144	2015	0.24841571105592	0.427100696201407
DUF725	2	1	15144	2015	0.24841571105592	0.427100696201407
DUF89	2	1	15144	2015	0.24841571105592	0.427100696201407
Dynamin_M	2	1	15144	2015	0.24841571105592	0.427100696201407
EB1	2	1	15144	2015	0.24841571105592	0.427100696201407
EHD_N	2	1	15144	2015	0.24841571105592	0.427100696201407
ELFV_dehydrog	2	1	15144	2015	0.24841571105592	0.427100696201407
ELFV_dehydrog_N	2	1	15144	2015	0.24841571105592	0.427100696201407
Engrail_1_C_sig	2	1	15144	2015	0.24841571105592	0.427100696201407
EXS	2	1	15144	2015	0.24841571105592	0.427100696201407
F420_oxidored	2	1	15144	2015	0.24841571105592	0.427100696201407
FAD_binding_3	2	1	15144	2015	0.24841571105592	0.427100696201407
FAM195	2	1	15144	2015	0.24841571105592	0.427100696201407
FF	2	1	15144	2015	0.24841571105592	0.427100696201407
FGGY_C	7	2	15144	2015	0.23646757042501	0.427100696201407
FLYWCH	7	2	15144	2015	0.23646757042501	0.427100696201407
FMN_dh	2	1	15144	2015	0.24841571105592	0.427100696201407
fn3_4	2	1	15144	2015	0.24841571105592	0.427100696201407
GCV_H	2	1	15144	2015	0.24841571105592	0.427100696201407
GED	2	1	15144	2015	0.24841571105592	0.427100696201407
Gelsolin	7	2	15144	2015	0.23646757042501	0.427100696201407
GLTP	2	1	15144	2015	0.24841571105592	0.427100696201407
Glypican	2	1	15144	2015	0.24841571105592	0.427100696201407
GoLoco	2	1	15144	2015	0.24841571105592	0.427100696201407
GpcrRhopsn4	2	1	15144	2015	0.24841571105592	0.427100696201407
HD_3	2	1	15144	2015	0.24841571105592	0.427100696201407
IF4E	2	1	15144	2015	0.24841571105592	0.427100696201407
IFRD	2	1	15144	2015	0.24841571105592	0.427100696201407
IFRD_C	2	1	15144	2015	0.24841571105592	0.427100696201407
Ion_trans_2	12	3	15144	2015	0.207465882239834	0.427100696201407
Kringle	2	1	15144	2015	0.24841571105592	0.427100696201407
L_HMGIC_fpl	2	1	15144	2015	0.24841571105592	0.427100696201407
Lactamase_B_2	2	1	15144	2015	0.24841571105592	0.427100696201407
Laminin_G_1	7	2	15144	2015	0.23646757042501	0.427100696201407
LANC_like	2	1	15144	2015	0.24841571105592	0.427100696201407
LMWPc	2	1	15144	2015	0.24841571105592	0.427100696201407
MADF_DNA_bdg	19	4	15144	2015	0.240417444337016	0.427100696201407
MAM	2	1	15144	2015	0.24841571105592	0.427100696201407
MCM2_N	2	1	15144	2015	0.24841571105592	0.427100696201407
Meis_PKNOX_N	2	1	15144	2015	0.24841571105592	0.427100696201407
Motile_Sperm	2	1	15144	2015	0.24841571105592	0.427100696201407
MRJP	13	3	15144	2015	0.244761641767442	0.427100696201407
Mtc	2	1	15144	2015	0.24841571105592	0.427100696201407
Myofilin	2	1	15144	2015	0.24841571105592	0.427100696201407
Myosin_N	2	1	15144	2015	0.24841571105592	0.427100696201407
Na_sulph_symp	2	1	15144	2015	0.24841571105592	0.427100696201407
NDUFV3	2	1	15144	2015	0.24841571105592	0.427100696201407
NIDO	2	1	15144	2015	0.24841571105592	0.427100696201407
Nrf1_DNA-bind	2	1	15144	2015	0.24841571105592	0.427100696201407
OGG_N	2	1	15144	2015	0.24841571105592	0.427100696201407
P5CR_dimer	2	1	15144	2015	0.24841571105592	0.427100696201407
ParcG	2	1	15144	2015	0.24841571105592	0.427100696201407
Perilipin	2	1	15144	2015	0.24841571105592	0.427100696201407
PID_2	2	1	15144	2015	0.24841571105592	0.427100696201407
PIP49_C	2	1	15144	2015	0.24841571105592	0.427100696201407
PMT	2	1	15144	2015	0.24841571105592	0.427100696201407
PMT_4TMC	2	1	15144	2015	0.24841571105592	0.427100696201407
PseudoU_synth_2	2	1	15144	2015	0.24841571105592	0.427100696201407
RCC1	12	3	15144	2015	0.207465882239834	0.427100696201407
Reprolysin_5	2	1	15144	2015	0.24841571105592	0.427100696201407
RRM_7	2	1	15144	2015	0.24841571105592	0.427100696201407
rRNA_proc-arch	2	1	15144	2015	0.24841571105592	0.427100696201407
S-AdoMet_synt_C	2	1	15144	2015	0.24841571105592	0.427100696201407
S-AdoMet_synt_M	2	1	15144	2015	0.24841571105592	0.427100696201407
S-AdoMet_synt_N	2	1	15144	2015	0.24841571105592	0.427100696201407
S10_plectin	2	1	15144	2015	0.24841571105592	0.427100696201407
SBF2	2	1	15144	2015	0.24841571105592	0.427100696201407
SMC_N	7	2	15144	2015	0.23646757042501	0.427100696201407
SNARE_assoc	2	1	15144	2015	0.24841571105592	0.427100696201407
SPRY	12	3	15144	2015	0.207465882239834	0.427100696201407
SPX	2	1	15144	2015	0.24841571105592	0.427100696201407
STAT_alpha	2	1	15144	2015	0.24841571105592	0.427100696201407
STAT_bind	2	1	15144	2015	0.24841571105592	0.427100696201407
STAT_int	2	1	15144	2015	0.24841571105592	0.427100696201407
Staufen_C	2	1	15144	2015	0.24841571105592	0.427100696201407
STPPase_N	2	1	15144	2015	0.24841571105592	0.427100696201407
SUZ-C	2	1	15144	2015	0.24841571105592	0.427100696201407
Tcp11	2	1	15144	2015	0.24841571105592	0.427100696201407
TPR_12	7	2	15144	2015	0.23646757042501	0.427100696201407
tRNA_int_endo	2	1	15144	2015	0.24841571105592	0.427100696201407
Tropomyosin	2	1	15144	2015	0.24841571105592	0.427100696201407
Tyr-DNA_phospho	2	1	15144	2015	0.24841571105592	0.427100696201407
UDPGP	2	1	15144	2015	0.24841571105592	0.427100696201407
vATP-synt_AC39	2	1	15144	2015	0.24841571105592	0.427100696201407
WAC_Acf1_DNA_bd	2	1	15144	2015	0.24841571105592	0.427100696201407
zf-MIZ	2	1	15144	2015	0.24841571105592	0.427100696201407
zf-NF-X1	2	1	15144	2015	0.24841571105592	0.427100696201407
zf-Nse	2	1	15144	2015	0.24841571105592	0.427100696201407
HECT	14	3	15144	2015	0.282977465393562	0.48482153161834
TSP_1	14	3	15144	2015	0.282977465393562	0.48482153161834
EGF	27	5	15144	2015	0.285909192499032	0.488989543890143
Ig_2	8	2	15144	2015	0.289094070891646	0.491861440058703
Ldl_recept_b	8	2	15144	2015	0.289094070891646	0.491861440058703
MBOAT	8	2	15144	2015	0.289094070891646	0.491861440058703
An_peroxidase	21	4	15144	2015	0.302915146021944	0.514483263607461
3HCDH	3	1	15144	2015	0.348431715693506	0.520522989907982
Acyl_transf_1	3	1	15144	2015	0.348431715693506	0.520522989907982
Aldo_ket_red	15	3	15144	2015	0.321633625564217	0.520522989907982
ATP-grasp_2	3	1	15144	2015	0.348431715693506	0.520522989907982
ATP-synt_Eps	3	1	15144	2015	0.348431715693506	0.520522989907982
B9-C2	3	1	15144	2015	0.348431715693506	0.520522989907982
Biopterin_H	3	1	15144	2015	0.348431715693506	0.520522989907982
Bromo_TP	3	1	15144	2015	0.348431715693506	0.520522989907982
bZIP_Maf	3	1	15144	2015	0.348431715693506	0.520522989907982
C_tripleX	3	1	15144	2015	0.348431715693506	0.520522989907982
Choline_transpo	3	1	15144	2015	0.348431715693506	0.520522989907982
Cullin_binding	3	1	15144	2015	0.348431715693506	0.520522989907982
DEAD_2	3	1	15144	2015	0.348431715693506	0.520522989907982
DLIC	3	1	15144	2015	0.348431715693506	0.520522989907982
DM	3	1	15144	2015	0.348431715693506	0.520522989907982
DNA_pol_B	3	1	15144	2015	0.348431715693506	0.520522989907982
DNA_pol_B_exo1	3	1	15144	2015	0.348431715693506	0.520522989907982
DNA_pol_E_B	3	1	15144	2015	0.348431715693506	0.520522989907982
DnaJ_C	9	2	15144	2015	0.341239764460332	0.520522989907982
DUF1736	3	1	15144	2015	0.348431715693506	0.520522989907982
DUF1899	3	1	15144	2015	0.348431715693506	0.520522989907982
DUF4816	3	1	15144	2015	0.348431715693506	0.520522989907982
DUF829	3	1	15144	2015	0.348431715693506	0.520522989907982
EF-hand_2	3	1	15144	2015	0.348431715693506	0.520522989907982
FAD_binding_7	3	1	15144	2015	0.348431715693506	0.520522989907982
fn3	43	7	15144	2015	0.345372585273154	0.520522989907982
Formyl_trans_N	3	1	15144	2015	0.348431715693506	0.520522989907982
FYRC	3	1	15144	2015	0.348431715693506	0.520522989907982
FYRN	3	1	15144	2015	0.348431715693506	0.520522989907982
GalKase_gal_bdg	3	1	15144	2015	0.348431715693506	0.520522989907982
Glyco_transf_43	3	1	15144	2015	0.348431715693506	0.520522989907982
Glyco_transf_8	3	1	15144	2015	0.348431715693506	0.520522989907982
GST_N	3	1	15144	2015	0.348431715693506	0.520522989907982
HATPase_c_3	3	1	15144	2015	0.348431715693506	0.520522989907982
HEAT	3	1	15144	2015	0.348431715693506	0.520522989907982
Helicase_C_2	3	1	15144	2015	0.348431715693506	0.520522989907982
IMS	3	1	15144	2015	0.348431715693506	0.520522989907982
IMS_C	3	1	15144	2015	0.348431715693506	0.520522989907982
Kinesin_assoc	3	1	15144	2015	0.348431715693506	0.520522989907982
LRRNT	3	1	15144	2015	0.348431715693506	0.520522989907982
MAP65_ASE1	3	1	15144	2015	0.348431715693506	0.520522989907982
Mpv17_PMP22	9	2	15144	2015	0.341239764460332	0.520522989907982
MT-A70	3	1	15144	2015	0.348431715693506	0.520522989907982
Myosin_head	15	3	15144	2015	0.321633625564217	0.520522989907982
Myosin_TH1	3	1	15144	2015	0.348431715693506	0.520522989907982
NAP	3	1	15144	2015	0.348431715693506	0.520522989907982
NDK	3	1	15144	2015	0.348431715693506	0.520522989907982
Neuralized	3	1	15144	2015	0.348431715693506	0.520522989907982
PAM2	3	1	15144	2015	0.348431715693506	0.520522989907982
PARP	3	1	15144	2015	0.348431715693506	0.520522989907982
PDZ_2	3	1	15144	2015	0.348431715693506	0.520522989907982
Peptidase_C2	9	2	15144	2015	0.341239764460332	0.520522989907982
Phosducin	3	1	15144	2015	0.348431715693506	0.520522989907982
Porin_3	3	1	15144	2015	0.348431715693506	0.520522989907982
Pre-SET	3	1	15144	2015	0.348431715693506	0.520522989907982
Rad60-SLD	3	1	15144	2015	0.348431715693506	0.520522989907982
ResIII	3	1	15144	2015	0.348431715693506	0.520522989907982
RFX_DNA_binding	3	1	15144	2015	0.348431715693506	0.520522989907982
Ribonuclease_3	3	1	15144	2015	0.348431715693506	0.520522989907982
Sds3	3	1	15144	2015	0.348431715693506	0.520522989907982
SPARC_Ca_bdg	3	1	15144	2015	0.348431715693506	0.520522989907982
SpoU_methylase	3	1	15144	2015	0.348431715693506	0.520522989907982
SRCR	3	1	15144	2015	0.348431715693506	0.520522989907982
SVWC	3	1	15144	2015	0.348431715693506	0.520522989907982
TFIIB	3	1	15144	2015	0.348431715693506	0.520522989907982
Tim44	3	1	15144	2015	0.348431715693506	0.520522989907982
TMC	3	1	15144	2015	0.348431715693506	0.520522989907982
TPR_6	3	1	15144	2015	0.348431715693506	0.520522989907982
TRP_2	3	1	15144	2015	0.348431715693506	0.520522989907982
UbiA	3	1	15144	2015	0.348431715693506	0.520522989907982
UNC-93	3	1	15144	2015	0.348431715693506	0.520522989907982
VGCC_alpha2	3	1	15144	2015	0.348431715693506	0.520522989907982
Vitellogenin_N	9	2	15144	2015	0.341239764460332	0.520522989907982
VWA_N	3	1	15144	2015	0.348431715693506	0.520522989907982
WD40_4	3	1	15144	2015	0.348431715693506	0.520522989907982
WSC	3	1	15144	2015	0.348431715693506	0.520522989907982
WWE	3	1	15144	2015	0.348431715693506	0.520522989907982
zf-CCHH	3	1	15144	2015	0.348431715693506	0.520522989907982
Zip	9	2	15144	2015	0.341239764460332	0.520522989907982
zf-RING_2	23	4	15144	2015	0.36688529304323	0.54725660149523
ADH_N	10	2	15144	2015	0.392101195902971	0.582210866643806
Amino_oxidase	10	2	15144	2015	0.392101195902971	0.582210866643806
EcKinase	45	7	15144	2015	0.391233221594784	0.582210866643806
2OG-FeII_Oxy_2	4	1	15144	2015	0.435143960121059	0.588194594370535
Acyltransferase	17	3	15144	2015	0.398623109346445	0.588194594370535
ADAM_spacer1	4	1	15144	2015	0.435143960121059	0.588194594370535
ADH_zinc_N_2	4	1	15144	2015	0.435143960121059	0.588194594370535
AIRS	4	1	15144	2015	0.435143960121059	0.588194594370535
AIRS_C	4	1	15144	2015	0.435143960121059	0.588194594370535
ATP-gua_Ptrans	4	1	15144	2015	0.435143960121059	0.588194594370535
ATP-gua_PtransN	4	1	15144	2015	0.435143960121059	0.588194594370535
Cation_ATPase_C	4	1	15144	2015	0.435143960121059	0.588194594370535
Cation_ATPase_N	4	1	15144	2015	0.435143960121059	0.588194594370535
CSD	4	1	15144	2015	0.435143960121059	0.588194594370535
DAN	4	1	15144	2015	0.435143960121059	0.588194594370535
DDT	4	1	15144	2015	0.435143960121059	0.588194594370535
Drf_FH3	4	1	15144	2015	0.435143960121059	0.588194594370535
DUF4773	4	1	15144	2015	0.435143960121059	0.588194594370535
EF-hand_1	4	1	15144	2015	0.435143960121059	0.588194594370535
ERAP1_C	24	4	15144	2015	0.39883849438967	0.588194594370535
FAT	4	1	15144	2015	0.435143960121059	0.588194594370535
FATC	4	1	15144	2015	0.435143960121059	0.588194594370535
FMO-like	4	1	15144	2015	0.435143960121059	0.588194594370535
GAF	4	1	15144	2015	0.435143960121059	0.588194594370535
GDP_Man_Dehyd	4	1	15144	2015	0.435143960121059	0.588194594370535
Glyoxalase	4	1	15144	2015	0.435143960121059	0.588194594370535
GMC_oxred_C	25	4	15144	2015	0.430499455572623	0.588194594370535
GMC_oxred_N	24	4	15144	2015	0.39883849438967	0.588194594370535
KAsynt_C_assoc	4	1	15144	2015	0.435143960121059	0.588194594370535
Kelch_3	4	1	15144	2015	0.435143960121059	0.588194594370535
Kelch_5	4	1	15144	2015	0.435143960121059	0.588194594370535
KR	4	1	15144	2015	0.435143960121059	0.588194594370535
Ligase_CoA	4	1	15144	2015	0.435143960121059	0.588194594370535
LPMO_10	4	1	15144	2015	0.435143960121059	0.588194594370535
LRRCT	4	1	15144	2015	0.435143960121059	0.588194594370535
MBD	4	1	15144	2015	0.435143960121059	0.588194594370535
Med26	4	1	15144	2015	0.435143960121059	0.588194594370535
Methyltransf_25	4	1	15144	2015	0.435143960121059	0.588194594370535
MIB_HERC2	4	1	15144	2015	0.435143960121059	0.588194594370535
MORN	4	1	15144	2015	0.435143960121059	0.588194594370535
NTP_transf_2	4	1	15144	2015	0.435143960121059	0.588194594370535
Nucleoside_tran	4	1	15144	2015	0.435143960121059	0.588194594370535
ParA	4	1	15144	2015	0.435143960121059	0.588194594370535
Peptidase_S10	4	1	15144	2015	0.435143960121059	0.588194594370535
PIH1	4	1	15144	2015	0.435143960121059	0.588194594370535
Pou	4	1	15144	2015	0.435143960121059	0.588194594370535
PS-DH	4	1	15144	2015	0.435143960121059	0.588194594370535
Rad4	4	1	15144	2015	0.435143960121059	0.588194594370535
RhoGEF	25	4	15144	2015	0.430499455572623	0.588194594370535
Rhomboid	4	1	15144	2015	0.435143960121059	0.588194594370535
Sad1_UNC	4	1	15144	2015	0.435143960121059	0.588194594370535
Sec63	4	1	15144	2015	0.435143960121059	0.588194594370535
Sina	4	1	15144	2015	0.435143960121059	0.588194594370535
SIX1_SD	4	1	15144	2015	0.435143960121059	0.588194594370535
TBP	4	1	15144	2015	0.435143960121059	0.588194594370535
TF_Zn_Ribbon	4	1	15144	2015	0.435143960121059	0.588194594370535
Thioesterase	4	1	15144	2015	0.435143960121059	0.588194594370535
TPR_7	4	1	15144	2015	0.435143960121059	0.588194594370535
Transferrin	4	1	15144	2015	0.435143960121059	0.588194594370535
TUDOR	17	3	15144	2015	0.398623109346445	0.588194594370535
V_ATPase_I	4	1	15144	2015	0.435143960121059	0.588194594370535
VWA_2	4	1	15144	2015	0.435143960121059	0.588194594370535
WH1	4	1	15144	2015	0.435143960121059	0.588194594370535
WSD	4	1	15144	2015	0.435143960121059	0.588194594370535
XPG_I	4	1	15144	2015	0.435143960121059	0.588194594370535
Xpo1	4	1	15144	2015	0.435143960121059	0.588194594370535
zf-C2H2_4	32	5	15144	2015	0.424804326576535	0.588194594370535
zf-HC5HC2H	4	1	15144	2015	0.435143960121059	0.588194594370535
Serpin	18	3	15144	2015	0.436274056338682	0.588909883211996
Alk_phosphatase	11	2	15144	2015	0.441097043513125	0.594601241599536
Peptidase_M1	26	4	15144	2015	0.461692286326382	0.621508846977823
ABC_tran	56	8	15144	2015	0.472948937442197	0.634982503653719
Forkhead	19	3	15144	2015	0.472997171088995	0.634982503653719
A_deaminase	5	1	15144	2015	0.510321299642596	0.642821174356997
ADK	5	1	15144	2015	0.510321299642596	0.642821174356997
Alpha_adaptinC2	5	1	15144	2015	0.510321299642596	0.642821174356997
Amidohydro_1	5	1	15144	2015	0.510321299642596	0.642821174356997
ASC	27	4	15144	2015	0.492263259165922	0.642821174356997
CHCH	5	1	15144	2015	0.510321299642596	0.642821174356997
DAGK_acc	5	1	15144	2015	0.510321299642596	0.642821174356997
DHHC	12	2	15144	2015	0.487823275767783	0.642821174356997
DUF1943	5	1	15144	2015	0.510321299642596	0.642821174356997
Dynamin_N	5	1	15144	2015	0.510321299642596	0.642821174356997
F5_F8_type_C	5	1	15144	2015	0.510321299642596	0.642821174356997
Glyco_hydro_20	5	1	15144	2015	0.510321299642596	0.642821174356997
GRAM	5	1	15144	2015	0.510321299642596	0.642821174356997
GRIP	5	1	15144	2015	0.510321299642596	0.642821174356997
Helicase_C	80	11	15144	2015	0.502873599862095	0.642821174356997
Iso_dh	5	1	15144	2015	0.510321299642596	0.642821174356997
ketoacyl-synt	5	1	15144	2015	0.510321299642596	0.642821174356997
Ketoacyl-synt_C	5	1	15144	2015	0.510321299642596	0.642821174356997
Kunitz_BPTI	5	1	15144	2015	0.510321299642596	0.642821174356997
L27	5	1	15144	2015	0.510321299642596	0.642821174356997
Lipase_GDSL	5	1	15144	2015	0.510321299642596	0.642821174356997
LisH	5	1	15144	2015	0.510321299642596	0.642821174356997
LRR_4	12	2	15144	2015	0.487823275767783	0.642821174356997
MATH	5	1	15144	2015	0.510321299642596	0.642821174356997
Methyltransf_FA	12	2	15144	2015	0.487823275767783	0.642821174356997
MIR	5	1	15144	2015	0.510321299642596	0.642821174356997
Orn_Arg_deC_N	5	1	15144	2015	0.510321299642596	0.642821174356997
Orn_DAP_Arg_deC	5	1	15144	2015	0.510321299642596	0.642821174356997
Peptidase_M19	5	1	15144	2015	0.510321299642596	0.642821174356997
Reeler	5	1	15144	2015	0.510321299642596	0.642821174356997
RINGv	5	1	15144	2015	0.510321299642596	0.642821174356997
SAP	5	1	15144	2015	0.510321299642596	0.642821174356997
Sec1	5	1	15144	2015	0.510321299642596	0.642821174356997
SMC_hinge	5	1	15144	2015	0.510321299642596	0.642821174356997
Sod_Cu	5	1	15144	2015	0.510321299642596	0.642821174356997
Spaetzle	5	1	15144	2015	0.510321299642596	0.642821174356997
Thiol-ester_cl	5	1	15144	2015	0.510321299642596	0.642821174356997
Thioredoxin_6	5	1	15144	2015	0.510321299642596	0.642821174356997
TIG	5	1	15144	2015	0.510321299642596	0.642821174356997
uDENN	5	1	15144	2015	0.510321299642596	0.642821174356997
V-set	20	3	15144	2015	0.508580851675076	0.642821174356997
VWA	5	1	15144	2015	0.510321299642596	0.642821174356997
VWC	5	1	15144	2015	0.510321299642596	0.642821174356997
WW	20	3	15144	2015	0.508580851675076	0.642821174356997
XPG_N	5	1	15144	2015	0.510321299642596	0.642821174356997
zf-H2C2_5	5	1	15144	2015	0.510321299642596	0.642821174356997
zf-UBR	5	1	15144	2015	0.510321299642596	0.642821174356997
ZU5	5	1	15144	2015	0.510321299642596	0.642821174356997
PH	43	6	15144	2015	0.517395363301246	0.650060841070797
zf-met	43	6	15144	2015	0.517395363301246	0.650060841070797
Histone	28	4	15144	2015	0.522080423040327	0.655107317003227
Arf	13	2	15144	2015	0.532016300131482	0.665020375164352
Kelch_1	13	2	15144	2015	0.532016300131482	0.665020375164352
Lig_chan-Glu_bd	13	2	15144	2015	0.532016300131482	0.665020375164352
Neur_chan_memb	21	3	15144	2015	0.542858469283932	0.677708662290768
AC_N	6	1	15144	2015	0.575497505549206	0.690562747526802
adh_short_C2	6	1	15144	2015	0.575497505549206	0.690562747526802
ADH_zinc_N	14	2	15144	2015	0.573522772587802	0.690562747526802
Cation_efflux	6	1	15144	2015	0.575497505549206	0.690562747526802
CNH	6	1	15144	2015	0.575497505549206	0.690562747526802
Cullin	6	1	15144	2015	0.575497505549206	0.690562747526802
Cullin_Nedd8	6	1	15144	2015	0.575497505549206	0.690562747526802
DENN	6	1	15144	2015	0.575497505549206	0.690562747526802
EF-hand_6	6	1	15144	2015	0.575497505549206	0.690562747526802
GATA	6	1	15144	2015	0.575497505549206	0.690562747526802
GHMP_kinases_C	6	1	15144	2015	0.575497505549206	0.690562747526802
GHMP_kinases_N	6	1	15144	2015	0.575497505549206	0.690562747526802
Glyco_hydro_16	6	1	15144	2015	0.575497505549206	0.690562747526802
GTP_EFTU_D3	6	1	15144	2015	0.575497505549206	0.690562747526802
Guanylate_cyc	22	3	15144	2015	0.575703841560609	0.690562747526802
Hairy_orange	6	1	15144	2015	0.575497505549206	0.690562747526802
Homeobox_KN	6	1	15144	2015	0.575497505549206	0.690562747526802
Hydrolase	6	1	15144	2015	0.575497505549206	0.690562747526802
Innexin	6	1	15144	2015	0.575497505549206	0.690562747526802
IRK	6	1	15144	2015	0.575497505549206	0.690562747526802
Kelch_4	6	1	15144	2015	0.575497505549206	0.690562747526802
Laminin_B	6	1	15144	2015	0.575497505549206	0.690562747526802
OTU	6	1	15144	2015	0.575497505549206	0.690562747526802
Pep_M12B_propep	6	1	15144	2015	0.575497505549206	0.690562747526802
Peptidase_M13_N	6	1	15144	2015	0.575497505549206	0.690562747526802
Phospholip_A2_2	6	1	15144	2015	0.575497505549206	0.690562747526802
polyprenyl_synt	6	1	15144	2015	0.575497505549206	0.690562747526802
PP-binding	6	1	15144	2015	0.575497505549206	0.690562747526802
RasGEF_N	6	1	15144	2015	0.575497505549206	0.690562747526802
Thyroglobulin_1	6	1	15144	2015	0.575497505549206	0.690562747526802
tRNA-synt_2	6	1	15144	2015	0.575497505549206	0.690562747526802
WH2	6	1	15144	2015	0.575497505549206	0.690562747526802
BTB	69	9	15144	2015	0.579253863704371	0.693971621552914
C2-set_2	31	4	15144	2015	0.605997699170733	0.724241152667461
DUF4806	31	4	15144	2015	0.605997699170733	0.724241152667461
MFS_1	63	8	15144	2015	0.612594760456168	0.730344118305407
THAP	15	2	15144	2015	0.612274949052969	0.730344118305407
Death	7	1	15144	2015	0.632002494736572	0.740864168471101
Disintegrin	7	1	15144	2015	0.632002494736572	0.740864168471101
Histone_H2A_C	7	1	15144	2015	0.632002494736572	0.740864168471101
Linker_histone	7	1	15144	2015	0.632002494736572	0.740864168471101
Lipocalin_2	7	1	15144	2015	0.632002494736572	0.740864168471101
MFS_1_like	7	1	15144	2015	0.632002494736572	0.740864168471101
Myotub-related	7	1	15144	2015	0.632002494736572	0.740864168471101
NHL	7	1	15144	2015	0.632002494736572	0.740864168471101
PAP2	7	1	15144	2015	0.632002494736572	0.740864168471101
PBP	7	1	15144	2015	0.632002494736572	0.740864168471101
Reprolysin	7	1	15144	2015	0.632002494736572	0.740864168471101
RNase_T	7	1	15144	2015	0.632002494736572	0.740864168471101
tRNA_anti-codon	7	1	15144	2015	0.632002494736572	0.740864168471101
VWD	7	1	15144	2015	0.632002494736572	0.740864168471101
HMG_box	24	3	15144	2015	0.636767785188008	0.745558458165171
Cytochrom_B561	8	1	15144	2015	0.680989412428704	0.784871724145959
DAGK_cat	8	1	15144	2015	0.680989412428704	0.784871724145959
Ets	8	1	15144	2015	0.680989412428704	0.784871724145959
HSP20	8	1	15144	2015	0.680989412428704	0.784871724145959
HTH_psq	8	1	15144	2015	0.680989412428704	0.784871724145959
PDEase_I	8	1	15144	2015	0.680989412428704	0.784871724145959
Peptidase_M16	8	1	15144	2015	0.680989412428704	0.784871724145959
Spectrin	8	1	15144	2015	0.680989412428704	0.784871724145959
SSF	17	2	15144	2015	0.681556976783889	0.784871724145959
TPR_19	8	1	15144	2015	0.680989412428704	0.784871724145959
TPR_2	8	1	15144	2015	0.680989412428704	0.784871724145959
wnt	8	1	15144	2015	0.680989412428704	0.784871724145959
Zona_pellucida	8	1	15144	2015	0.680989412428704	0.784871724145959
ZZ	8	1	15144	2015	0.680989412428704	0.784871724145959
AMP-binding	26	3	15144	2015	0.691400023596837	0.795272327611385
Adaptin_N	9	1	15144	2015	0.723458118424751	0.814599264415608
Ank_5	9	1	15144	2015	0.723458118424751	0.814599264415608
BIR	9	1	15144	2015	0.723458118424751	0.814599264415608
Cadherin_C	9	1	15144	2015	0.723458118424751	0.814599264415608
DAO	9	1	15144	2015	0.723458118424751	0.814599264415608
Endonuclease_NS	9	1	15144	2015	0.723458118424751	0.814599264415608
FKBP_C	9	1	15144	2015	0.723458118424751	0.814599264415608
Fz	9	1	15144	2015	0.723458118424751	0.814599264415608
Guanylate_kin	9	1	15144	2015	0.723458118424751	0.814599264415608
Mito_carr	36	4	15144	2015	0.723995876842852	0.814599264415608
Myb_DNA-bind_4	9	1	15144	2015	0.723458118424751	0.814599264415608
Peptidase_M16_C	9	1	15144	2015	0.723458118424751	0.814599264415608
Peptidase_M2	9	1	15144	2015	0.723458118424751	0.814599264415608
Sulfotransfer_1	18	2	15144	2015	0.71221734183954	0.814599264415608
Sushi	9	1	15144	2015	0.723458118424751	0.814599264415608
T-box	9	1	15144	2015	0.723458118424751	0.814599264415608
Trehalose_recp	9	1	15144	2015	0.723458118424751	0.814599264415608
UBA	9	1	15144	2015	0.723458118424751	0.814599264415608
zf-C3HC4_3	27	3	15144	2015	0.716292119150701	0.814599264415608
ABC2_membrane	19	2	15144	2015	0.740360891339604	0.830152944522669
Neur_chan_LBD	28	3	15144	2015	0.739597522683946	0.830152944522669
SNF	19	2	15144	2015	0.740360891339604	0.830152944522669
Aldedh	10	1	15144	2015	0.760275554260504	0.841887054435361
Aminotran_1_2	10	1	15144	2015	0.760275554260504	0.841887054435361
Exo_endo_phos	10	1	15144	2015	0.760275554260504	0.841887054435361
FA_desaturase	10	1	15144	2015	0.760275554260504	0.841887054435361
Gal-bind_lectin	10	1	15144	2015	0.760275554260504	0.841887054435361
hEGF	10	1	15144	2015	0.760275554260504	0.841887054435361
LRR_5	10	1	15144	2015	0.760275554260504	0.841887054435361
PP2C	10	1	15144	2015	0.760275554260504	0.841887054435361
Pyr_redox_2	10	1	15144	2015	0.760275554260504	0.841887054435361
TPR_11	10	1	15144	2015	0.760275554260504	0.841887054435361
zf-CCCH	10	1	15144	2015	0.760275554260504	0.841887054435361
GST_N_3	29	3	15144	2015	0.76135498859167	0.842130800022389
ABC_membrane	20	2	15144	2015	0.766114229080108	0.845486423984804
ANF_receptor	20	2	15144	2015	0.766114229080108	0.845486423984804
LRR_8	147	17	15144	2015	0.768353865096211	0.847004260735981
WD40	131	15	15144	2015	0.771470457811458	0.849118750087218
zf-C2H2	268	32	15144	2015	0.772004904416032	0.849118750087218
zf-C2H2_6	56	6	15144	2015	0.773036097149126	0.84929974798895
A2M_N	11	1	15144	2015	0.792193405335242	0.859744780983984
AMP-binding_C	21	2	15144	2015	0.789614835374442	0.859744780983984
CN_hydrolase	11	1	15144	2015	0.792193405335242	0.859744780983984
E1-E2_ATPase	11	1	15144	2015	0.792193405335242	0.859744780983984
EF-hand_8	11	1	15144	2015	0.792193405335242	0.859744780983984
FR47	11	1	15144	2015	0.792193405335242	0.859744780983984
Ninjurin	11	1	15144	2015	0.792193405335242	0.859744780983984
Peptidase_C1	11	1	15144	2015	0.792193405335242	0.859744780983984
RasGEF	11	1	15144	2015	0.792193405335242	0.859744780983984
RGS	11	1	15144	2015	0.792193405335242	0.859744780983984
SH3_2	11	1	15144	2015	0.792193405335242	0.859744780983984
Cadherin	31	3	15144	2015	0.800429354951485	0.867722088332362
Abhydrolase_1	22	2	15144	2015	0.811005934755825	0.876279841301774
DM4_12	22	2	15144	2015	0.811005934755825	0.876279841301774
Thioredoxin	22	2	15144	2015	0.811005934755825	0.876279841301774
A2M_recep	12	1	15144	2015	0.819863417114102	0.880993584179627
AA_permease_2	12	1	15144	2015	0.819863417114102	0.880993584179627
Cyt-b5	12	1	15144	2015	0.819863417114102	0.880993584179627
Kazal_1	12	1	15144	2015	0.819863417114102	0.880993584179627
PI3_PI4_kinase	12	1	15144	2015	0.819863417114102	0.880993584179627
Ank	23	2	15144	2015	0.830432535795598	0.890398123719569
C1_1	23	2	15144	2015	0.830432535795598	0.890398123719569
DnaJ	33	3	15144	2015	0.833987357002039	0.893232360504916
A2M_comp	13	1	15144	2015	0.843850676862654	0.895962798835754
A2M_N_2	13	1	15144	2015	0.843850676862654	0.895962798835754
Astacin	13	1	15144	2015	0.843850676862654	0.895962798835754
GTP_EFTU_D2	13	1	15144	2015	0.843850676862654	0.895962798835754
OB_NTP_bind	13	1	15144	2015	0.843850676862654	0.895962798835754
Pro_isomerase	13	1	15144	2015	0.843850676862654	0.895962798835754
TPR_1	13	1	15144	2015	0.843850676862654	0.895962798835754
zf-C3HC4_2	13	1	15144	2015	0.843850676862654	0.895962798835754
Pkinase_Tyr	53	5	15144	2015	0.851159342928805	0.902744757651763
A2M	14	1	15144	2015	0.864645131037642	0.912112194205479
Arrestin_C	14	1	15144	2015	0.864645131037642	0.912112194205479
Arrestin_N	14	1	15144	2015	0.864645131037642	0.912112194205479
DSPc	14	1	15144	2015	0.864645131037642	0.912112194205479
HA2	14	1	15144	2015	0.864645131037642	0.912112194205479
Ank_2	82	8	15144	2015	0.86979356815718	0.916556663219394
UQ_con	26	2	15144	2015	0.878344236504597	0.924572880531155
DEAD	56	5	15144	2015	0.882580175561368	0.926143620081174
PCI	15	1	15144	2015	0.882671572607976	0.926143620081174
Ricin_B_lectin	15	1	15144	2015	0.882671572607976	0.926143620081174
Ras	57	5	15144	2015	0.891710058819811	0.934626585714883
Aa_trans	16	1	15144	2015	0.898298301485954	0.938520613492788
Ank_4	16	1	15144	2015	0.898298301485954	0.938520613492788
Hemocyanin_M	16	1	15144	2015	0.898298301485954	0.938520613492788
Glycos_transf_2	17	1	15144	2015	0.911844634279833	0.945616657771679
GTP_EFTU	17	1	15144	2015	0.911844634279833	0.945616657771679
LRR_1	17	1	15144	2015	0.911844634279833	0.945616657771679
LSM	17	1	15144	2015	0.911844634279833	0.945616657771679
NAD_binding_4	17	1	15144	2015	0.911844634279833	0.945616657771679
Peptidase_C14	17	1	15144	2015	0.911844634279833	0.945616657771679
Sterile	17	1	15144	2015	0.911844634279833	0.945616657771679
Bromodomain	18	1	15144	2015	0.923587416188086	0.951127847143315
Hemocyanin_N	18	1	15144	2015	0.923587416188086	0.951127847143315
Ion_trans	41	3	15144	2015	0.923952765796363	0.951127847143315
PX	18	1	15144	2015	0.923587416188086	0.951127847143315
SAM_1	18	1	15144	2015	0.923587416188086	0.951127847143315
SH2	30	2	15144	2015	0.922887367661625	0.951127847143315
Tetraspannin	18	1	15144	2015	0.923587416188086	0.951127847143315
I-set	91	8	15144	2015	0.930164899442419	0.956517944862089
Hemocyanin_C	19	1	15144	2015	0.933766667568557	0.959215235028497
CUB	20	1	15144	2015	0.942590480120581	0.965244169820448
ELO	20	1	15144	2015	0.942590480120581	0.965244169820448
KH_1	20	1	15144	2015	0.942590480120581	0.965244169820448
p450	114	10	15144	2015	0.94856704940022	0.97003591365701
RhoGAP	21	1	15144	2015	0.950239262357887	0.97003591365701
UCH	21	1	15144	2015	0.950239262357887	0.97003591365701
FERM_M	22	1	15144	2015	0.956869420815128	0.974773422452002
zf-C4	22	1	15144	2015	0.956869420815128	0.974773422452002
PDZ	59	4	15144	2015	0.963405708415638	0.978380926681166
PHD	23	1	15144	2015	0.96261655195238	0.978380926681166
RabGAP-TBC	23	1	15144	2015	0.96261655195238	0.978380926681166
GST_C	24	1	15144	2015	0.967598209767072	0.981621372227464
C2	38	2	15144	2015	0.970066151456388	0.982091764904194
PBP_GOBP	61	4	15144	2015	0.969947751163331	0.982091764904194
Cuticle_4	26	1	15144	2015	0.975659188248637	0.986368656274986
Ig_3	95	7	15144	2015	0.976303669986466	0.986368656274986
TIL	27	1	15144	2015	0.978903449108473	0.9879767045585
Chitin_bind_4	167	14	15144	2015	0.982185722872698	0.989251807209911
Metallophos	28	1	15144	2015	0.981715485229822	0.989251807209911
RRM_1	127	9	15144	2015	0.99104258792778	0.997147573069019
HLH	49	2	15144	2015	0.992268987140073	0.997357546048483
7tm_1	81	4	15144	2015	0.996287188562221	0.999432179736087
7tm_7	55	2	15144	2015	0.996372693471589	0.999432179736087
7tm_6	77	2	15144	2015	0.999789853732467	0.999789853732467
DUF1091	68	2	15144	2015	0.999318208391072	0.999789853732467
Fibrinogen_C	51	1	15144	2015	0.999320924268793	0.999789853732467
