annot	freq_in_pop	freq_in_int	total_ano_in_pop	total_ano_in_int	pval	pval_adj
DEAD	56	25	15144	1586	5.87023889005381e-11	6.15788059566644e-08
Cpn60_TCP1	11	10	15144	1586	1.54088214096632e-09	8.08192682936835e-07
Helicase_C	80	27	15144	1586	1.72745226284897e-08	6.0403247457619e-06
Brix	5	5	15144	1586	1.25273387432096e-05	0.00328529458540671
tRNA-synt_2b	6	5	15144	1586	6.86227409099429e-05	0.0125949787624223
WD40	131	29	15144	1586	7.20399166582781e-05	0.0125949787624223
DUF4217	4	4	15144	1586	0.000119888690627176	0.0179661766382725
HGTP_anticodon	8	5	15144	1586	0.000534261912089431	0.062271193975757
Ribosomal_L7Ae	8	5	15144	1586	0.000534261912089431	0.062271193975757
CBF	3	3	15144	1586	0.00114670541047762	0.075180873474439
DUF2428	3	3	15144	1586	0.00114670541047762	0.075180873474439
Ribosomal_60s	3	3	15144	1586	0.00114670541047762	0.075180873474439
Ribosomal_L1	3	3	15144	1586	0.00114670541047762	0.075180873474439
Ribosomal_L16	3	3	15144	1586	0.00114670541047762	0.075180873474439
S4	3	3	15144	1586	0.00114670541047762	0.075180873474439
Utp12	3	3	15144	1586	0.00114670541047762	0.075180873474439
MCM_N	6	4	15144	1586	0.00151075681266924	0.0880435498050018
tRNA-synt_1	6	4	15144	1586	0.00151075681266924	0.0880435498050018
MMR_HSR1	14	6	15144	1586	0.00186679999616467	0.103067010314565
Anticodon_1	7	4	15144	1586	0.00323265485968286	0.154138861263969
RNase_PH	7	4	15144	1586	0.00323265485968286	0.154138861263969
RRM_1	127	24	15144	1586	0.0029981459729802	0.154138861263969
AARP2CN	2	2	15144	1586	0.0109617508367753	0.176905794273497
ATP-synt_ab	5	3	15144	1586	0.00974388777782782	0.176905794273497
ATP-synt_ab_N	5	3	15144	1586	0.00974388777782782	0.176905794273497
C4	2	2	15144	1586	0.0109617508367753	0.176905794273497
CitMHS	2	2	15144	1586	0.0109617508367753	0.176905794273497
Fcf1	2	2	15144	1586	0.0109617508367753	0.176905794273497
Gar1	2	2	15144	1586	0.0109617508367753	0.176905794273497
GrpE	2	2	15144	1586	0.0109617508367753	0.176905794273497
GTP_EFTU_D2	13	5	15144	1586	0.00783994225223529	0.176905794273497
KH_6	2	2	15144	1586	0.0109617508367753	0.176905794273497
MCM	9	4	15144	1586	0.0097972230727817	0.176905794273497
MCM_OB	9	4	15144	1586	0.0097972230727817	0.176905794273497
Methyltransf_25	4	3	15144	1586	0.00422715557002896	0.176905794273497
MGS	2	2	15144	1586	0.0109617508367753	0.176905794273497
NAC	2	2	15144	1586	0.0109617508367753	0.176905794273497
NLE	2	2	15144	1586	0.0109617508367753	0.176905794273497
NOP5NT	2	2	15144	1586	0.0109617508367753	0.176905794273497
NUC153	2	2	15144	1586	0.0109617508367753	0.176905794273497
Nucleoporin_C	2	2	15144	1586	0.0109617508367753	0.176905794273497
PDCD9	2	2	15144	1586	0.0109617508367753	0.176905794273497
Piwi	5	3	15144	1586	0.00974388777782782	0.176905794273497
Pribosyl_synth	2	2	15144	1586	0.0109617508367753	0.176905794273497
Pribosyltran_N	2	2	15144	1586	0.0109617508367753	0.176905794273497
RIBIOP_C	2	2	15144	1586	0.0109617508367753	0.176905794273497
Ribosom_S12_S23	2	2	15144	1586	0.0109617508367753	0.176905794273497
Ribosomal_L24e	2	2	15144	1586	0.0109617508367753	0.176905794273497
Ribosomal_L27A	2	2	15144	1586	0.0109617508367753	0.176905794273497
Ribosomal_L28e	2	2	15144	1586	0.0109617508367753	0.176905794273497
Ribosomal_L3	2	2	15144	1586	0.0109617508367753	0.176905794273497
Ribosomal_L6e	2	2	15144	1586	0.0109617508367753	0.176905794273497
Ribosomal_S14	2	2	15144	1586	0.0109617508367753	0.176905794273497
Ribosomal_S2	2	2	15144	1586	0.0109617508367753	0.176905794273497
Ribosomal_S4	2	2	15144	1586	0.0109617508367753	0.176905794273497
Ribosomal_S5	2	2	15144	1586	0.0109617508367753	0.176905794273497
Ribosomal_S5_C	2	2	15144	1586	0.0109617508367753	0.176905794273497
Ribosomal_S8	2	2	15144	1586	0.0109617508367753	0.176905794273497
Ribosomal_S8e	2	2	15144	1586	0.0109617508367753	0.176905794273497
Sas10_Utp3	2	2	15144	1586	0.0109617508367753	0.176905794273497
tRNA_bind	2	2	15144	1586	0.0109617508367753	0.176905794273497
tRNA_m1G_MT	2	2	15144	1586	0.0109617508367753	0.176905794273497
tRNA_SAD	4	3	15144	1586	0.00422715557002896	0.176905794273497
zf-C2H2_2	4	3	15144	1586	0.00422715557002896	0.176905794273497
zf-CCHC	9	4	15144	1586	0.0097972230727817	0.176905794273497
zf-C2H2_jaz	14	5	15144	1586	0.011158354616719	0.177350212014215
1-cysPrx_C	5	2	15144	1586	0.0884316211626358	0.18843844660159
2-oxoacid_dh	3	2	15144	1586	0.0305918416893707	0.18843844660159
2OG-FeII_Oxy	3	2	15144	1586	0.0305918416893707	0.18843844660159
40S_S4_C	1	1	15144	1586	0.10472794506075	0.18843844660159
40S_SA_C	1	1	15144	1586	0.10472794506075	0.18843844660159
AAA_18	1	1	15144	1586	0.10472794506075	0.18843844660159
AAA_25	1	1	15144	1586	0.10472794506075	0.18843844660159
AATF-Che1	1	1	15144	1586	0.10472794506075	0.18843844660159
ABC_tran_Xtn	3	2	15144	1586	0.0305918416893707	0.18843844660159
ACBP	5	2	15144	1586	0.0884316211626358	0.18843844660159
Acyl_transf_1	3	2	15144	1586	0.0305918416893707	0.18843844660159
Acyl-CoA_dh_N	11	3	15144	1586	0.0998269978651028	0.18843844660159
Adenylsucc_synt	1	1	15144	1586	0.10472794506075	0.18843844660159
ADH_N_2	4	2	15144	1586	0.0569565278087126	0.18843844660159
ADK_lid	1	1	15144	1586	0.10472794506075	0.18843844660159
ADSL_C	1	1	15144	1586	0.10472794506075	0.18843844660159
AhpC-TSA	5	2	15144	1586	0.0884316211626358	0.18843844660159
AICARFT_IMPCHas	1	1	15144	1586	0.10472794506075	0.18843844660159
AIMP2_LysRS_bd	1	1	15144	1586	0.10472794506075	0.18843844660159
AIRC	1	1	15144	1586	0.10472794506075	0.18843844660159
AIRS	4	2	15144	1586	0.0569565278087126	0.18843844660159
AIRS_C	4	2	15144	1586	0.0569565278087126	0.18843844660159
Ala_racemase_N	1	1	15144	1586	0.10472794506075	0.18843844660159
Aldedh	10	4	15144	1586	0.0149903126043372	0.18843844660159
Aminotran_1_2	10	3	15144	1586	0.0785015023269615	0.18843844660159
Aminotran_4	1	1	15144	1586	0.10472794506075	0.18843844660159
AMMECR1	1	1	15144	1586	0.10472794506075	0.18843844660159
ANAPC4_WD40	12	4	15144	1586	0.0298130083507972	0.18843844660159
APC_r	1	1	15144	1586	0.10472794506075	0.18843844660159
Arginase	1	1	15144	1586	0.10472794506075	0.18843844660159
Arginosuc_synth	1	1	15144	1586	0.10472794506075	0.18843844660159
AROS	1	1	15144	1586	0.10472794506075	0.18843844660159
ATP-grasp_2	3	2	15144	1586	0.0305918416893707	0.18843844660159
ATP-synt	1	1	15144	1586	0.10472794506075	0.18843844660159
ATP-synt_ab_C	1	1	15144	1586	0.10472794506075	0.18843844660159
ATP-synt_DE_N	1	1	15144	1586	0.10472794506075	0.18843844660159
ATP12	1	1	15144	1586	0.10472794506075	0.18843844660159
AXH	1	1	15144	1586	0.10472794506075	0.18843844660159
Band_7	8	3	15144	1586	0.0428978379643768	0.18843844660159
Band_7_C	1	1	15144	1586	0.10472794506075	0.18843844660159
BCIP	1	1	15144	1586	0.10472794506075	0.18843844660159
BING4CT	1	1	15144	1586	0.10472794506075	0.18843844660159
Biotin_lipoyl	6	3	15144	1586	0.0179770187429864	0.18843844660159
BOP1NT	1	1	15144	1586	0.10472794506075	0.18843844660159
BP28CT	1	1	15144	1586	0.10472794506075	0.18843844660159
Bystin	1	1	15144	1586	0.10472794506075	0.18843844660159
CaMKII_AD	1	1	15144	1586	0.10472794506075	0.18843844660159
CAS_CSE1	1	1	15144	1586	0.10472794506075	0.18843844660159
CBS	5	2	15144	1586	0.0884316211626358	0.18843844660159
CDK2AP	1	1	15144	1586	0.10472794506075	0.18843844660159
CHGN	3	2	15144	1586	0.0305918416893707	0.18843844660159
Chromo	8	3	15144	1586	0.0428978379643768	0.18843844660159
CIA30	1	1	15144	1586	0.10472794506075	0.18843844660159
Cid2	1	1	15144	1586	0.10472794506075	0.18843844660159
Citrate_bind	1	1	15144	1586	0.10472794506075	0.18843844660159
Citrate_synt	3	2	15144	1586	0.0305918416893707	0.18843844660159
Cnd2	1	1	15144	1586	0.10472794506075	0.18843844660159
CoA_trans	1	1	15144	1586	0.10472794506075	0.18843844660159
CPL	1	1	15144	1586	0.10472794506075	0.18843844660159
CPSase_L_D2	4	2	15144	1586	0.0569565278087126	0.18843844660159
CPSase_L_D3	1	1	15144	1586	0.10472794506075	0.18843844660159
CPSase_sm_chain	1	1	15144	1586	0.10472794506075	0.18843844660159
CPSF100_C	1	1	15144	1586	0.10472794506075	0.18843844660159
Cse1	1	1	15144	1586	0.10472794506075	0.18843844660159
CTP_synth_N	1	1	15144	1586	0.10472794506075	0.18843844660159
Cupin_4	1	1	15144	1586	0.10472794506075	0.18843844660159
Cut8	1	1	15144	1586	0.10472794506075	0.18843844660159
CutA1	1	1	15144	1586	0.10472794506075	0.18843844660159
CYTH	1	1	15144	1586	0.10472794506075	0.18843844660159
DAP3	1	1	15144	1586	0.10472794506075	0.18843844660159
DBC1	1	1	15144	1586	0.10472794506075	0.18843844660159
DBP10CT	1	1	15144	1586	0.10472794506075	0.18843844660159
DCP1	1	1	15144	1586	0.10472794506075	0.18843844660159
DEK_C	3	2	15144	1586	0.0305918416893707	0.18843844660159
DHHA1	1	1	15144	1586	0.10472794506075	0.18843844660159
DJ-1_PfpI	1	1	15144	1586	0.10472794506075	0.18843844660159
DKCLD	1	1	15144	1586	0.10472794506075	0.18843844660159
DLD	1	1	15144	1586	0.10472794506075	0.18843844660159
DNA_ligase_IV	1	1	15144	1586	0.10472794506075	0.18843844660159
DNA_pol_alpha_N	1	1	15144	1586	0.10472794506075	0.18843844660159
DNA_pol_phi	1	1	15144	1586	0.10472794506075	0.18843844660159
DNA_pol3_delta2	1	1	15144	1586	0.10472794506075	0.18843844660159
DNA_primase_lrg	1	1	15144	1586	0.10472794506075	0.18843844660159
DnaJ	33	7	15144	1586	0.0513269582747193	0.18843844660159
DnaJ_CXXCXGXG	3	2	15144	1586	0.0305918416893707	0.18843844660159
Drc1-Sld2	1	1	15144	1586	0.10472794506075	0.18843844660159
DS	1	1	15144	1586	0.10472794506075	0.18843844660159
dsDNA_bind	1	1	15144	1586	0.10472794506075	0.18843844660159
DUF1011	1	1	15144	1586	0.10472794506075	0.18843844660159
DUF1151	1	1	15144	1586	0.10472794506075	0.18843844660159
DUF1487	1	1	15144	1586	0.10472794506075	0.18843844660159
DUF1713	1	1	15144	1586	0.10472794506075	0.18843844660159
DUF1726	1	1	15144	1586	0.10472794506075	0.18843844660159
DUF1777	1	1	15144	1586	0.10472794506075	0.18843844660159
DUF2039	1	1	15144	1586	0.10472794506075	0.18843844660159
DUF2151	1	1	15144	1586	0.10472794506075	0.18843844660159
DUF2358	1	1	15144	1586	0.10472794506075	0.18843844660159
DUF2369	1	1	15144	1586	0.10472794506075	0.18843844660159
DUF2373	1	1	15144	1586	0.10472794506075	0.18843844660159
DUF2451	1	1	15144	1586	0.10472794506075	0.18843844660159
DUF2462	1	1	15144	1586	0.10472794506075	0.18843844660159
DUF3128	1	1	15144	1586	0.10472794506075	0.18843844660159
DUF3381	1	1	15144	1586	0.10472794506075	0.18843844660159
DUF3512	1	1	15144	1586	0.10472794506075	0.18843844660159
DUF3523	1	1	15144	1586	0.10472794506075	0.18843844660159
DUF383	1	1	15144	1586	0.10472794506075	0.18843844660159
DUF384	1	1	15144	1586	0.10472794506075	0.18843844660159
DUF4071	1	1	15144	1586	0.10472794506075	0.18843844660159
DUF4208	1	1	15144	1586	0.10472794506075	0.18843844660159
DUF4477	1	1	15144	1586	0.10472794506075	0.18843844660159
DUF4602	1	1	15144	1586	0.10472794506075	0.18843844660159
DUF4615	1	1	15144	1586	0.10472794506075	0.18843844660159
DUF4803	1	1	15144	1586	0.10472794506075	0.18843844660159
DUF4820	1	1	15144	1586	0.10472794506075	0.18843844660159
DUF5050	1	1	15144	1586	0.10472794506075	0.18843844660159
DUF842	1	1	15144	1586	0.10472794506075	0.18843844660159
DUF902	1	1	15144	1586	0.10472794506075	0.18843844660159
DuoxA	1	1	15144	1586	0.10472794506075	0.18843844660159
Dus	4	2	15144	1586	0.0569565278087126	0.18843844660159
dUTPase	1	1	15144	1586	0.10472794506075	0.18843844660159
Dynein_IC2	1	1	15144	1586	0.10472794506075	0.18843844660159
E3_binding	1	1	15144	1586	0.10472794506075	0.18843844660159
Eaf7	1	1	15144	1586	0.10472794506075	0.18843844660159
Ebp2	1	1	15144	1586	0.10472794506075	0.18843844660159
ECH_1	8	3	15144	1586	0.0428978379643768	0.18843844660159
ECH_2	1	1	15144	1586	0.10472794506075	0.18843844660159
EF-1_beta_acid	3	2	15144	1586	0.0305918416893707	0.18843844660159
EF1_GNE	3	2	15144	1586	0.0305918416893707	0.18843844660159
EF1G	1	1	15144	1586	0.10472794506075	0.18843844660159
EFG_II	5	2	15144	1586	0.0884316211626358	0.18843844660159
EFG_IV	3	2	15144	1586	0.0305918416893707	0.18843844660159
EGF_CA	22	5	15144	1586	0.072890643713043	0.18843844660159
EIF_2_alpha	1	1	15144	1586	0.10472794506075	0.18843844660159
eIF_4EBP	1	1	15144	1586	0.10472794506075	0.18843844660159
eIF-3_zeta	1	1	15144	1586	0.10472794506075	0.18843844660159
eIF-5a	1	1	15144	1586	0.10472794506075	0.18843844660159
eIF-6	1	1	15144	1586	0.10472794506075	0.18843844660159
eIF2A	3	2	15144	1586	0.0305918416893707	0.18843844660159
eIF3_N	1	1	15144	1586	0.10472794506075	0.18843844660159
eIF3g	1	1	15144	1586	0.10472794506075	0.18843844660159
EphA2_TM	1	1	15144	1586	0.10472794506075	0.18843844660159
Ephrin_lbd	1	1	15144	1586	0.10472794506075	0.18843844660159
ERK-JNK_inhib	1	1	15144	1586	0.10472794506075	0.18843844660159
ESSS	1	1	15144	1586	0.10472794506075	0.18843844660159
FAA_hydrolase_N	1	1	15144	1586	0.10472794506075	0.18843844660159
FBPase	1	1	15144	1586	0.10472794506075	0.18843844660159
Fcf2	1	1	15144	1586	0.10472794506075	0.18843844660159
Fer4	1	1	15144	1586	0.10472794506075	0.18843844660159
Fibrillarin	1	1	15144	1586	0.10472794506075	0.18843844660159
Formyl_trans_N	3	2	15144	1586	0.0305918416893707	0.18843844660159
FSH1	1	1	15144	1586	0.10472794506075	0.18843844660159
FTHFS	1	1	15144	1586	0.10472794506075	0.18843844660159
FumaraseC_C	1	1	15144	1586	0.10472794506075	0.18843844660159
G-patch	14	4	15144	1586	0.0509469998613115	0.18843844660159
G2F	1	1	15144	1586	0.10472794506075	0.18843844660159
GABP-alpha	1	1	15144	1586	0.10472794506075	0.18843844660159
Gal_mutarotas_2	1	1	15144	1586	0.10472794506075	0.18843844660159
GARS_A	1	1	15144	1586	0.10472794506075	0.18843844660159
GARS_C	1	1	15144	1586	0.10472794506075	0.18843844660159
GARS_N	1	1	15144	1586	0.10472794506075	0.18843844660159
GATase	3	2	15144	1586	0.0305918416893707	0.18843844660159
GATase_5	1	1	15144	1586	0.10472794506075	0.18843844660159
GatB_N	1	1	15144	1586	0.10472794506075	0.18843844660159
GatB_Yqey	1	1	15144	1586	0.10472794506075	0.18843844660159
GCD14	1	1	15144	1586	0.10472794506075	0.18843844660159
GDC-P	1	1	15144	1586	0.10472794506075	0.18843844660159
Glycolytic	1	1	15144	1586	0.10472794506075	0.18843844660159
Glyoxalase_4	1	1	15144	1586	0.10472794506075	0.18843844660159
GN3L_Grn1	1	1	15144	1586	0.10472794506075	0.18843844660159
GNAT_acetyltr_2	1	1	15144	1586	0.10472794506075	0.18843844660159
GON	1	1	15144	1586	0.10472794506075	0.18843844660159
GTP_cyclohydroI	1	1	15144	1586	0.10472794506075	0.18843844660159
GTP_EFTU	17	5	15144	1586	0.0264648196501317	0.18843844660159
GTP_EFTU_D3	6	3	15144	1586	0.0179770187429864	0.18843844660159
HABP4_PAI-RBP1	1	1	15144	1586	0.10472794506075	0.18843844660159
HAGH_C	1	1	15144	1586	0.10472794506075	0.18843844660159
HAT_KAT11	1	1	15144	1586	0.10472794506075	0.18843844660159
Helicase_RecD	1	1	15144	1586	0.10472794506075	0.18843844660159
HgmA	1	1	15144	1586	0.10472794506075	0.18843844660159
HHH_7	1	1	15144	1586	0.10472794506075	0.18843844660159
Hira	1	1	15144	1586	0.10472794506075	0.18843844660159
HIRA_B	1	1	15144	1586	0.10472794506075	0.18843844660159
Hist_deacetyl	5	2	15144	1586	0.0884316211626358	0.18843844660159
HlyIII	4	2	15144	1586	0.0569565278087126	0.18843844660159
HSNSD	1	1	15144	1586	0.10472794506075	0.18843844660159
HSP70	11	3	15144	1586	0.0998269978651028	0.18843844660159
HTH_44	1	1	15144	1586	0.10472794506075	0.18843844660159
IHABP4_N	1	1	15144	1586	0.10472794506075	0.18843844660159
Ima1_N	1	1	15144	1586	0.10472794506075	0.18843844660159
Img2	1	1	15144	1586	0.10472794506075	0.18843844660159
IMPDH	1	1	15144	1586	0.10472794506075	0.18843844660159
Ipi1_N	1	1	15144	1586	0.10472794506075	0.18843844660159
IPPT	1	1	15144	1586	0.10472794506075	0.18843844660159
Iwr1	1	1	15144	1586	0.10472794506075	0.18843844660159
JAB	9	3	15144	1586	0.0594481454101742	0.18843844660159
Katanin_con80	1	1	15144	1586	0.10472794506075	0.18843844660159
Kelch_3	4	2	15144	1586	0.0569565278087126	0.18843844660159
KH_2	1	1	15144	1586	0.10472794506075	0.18843844660159
Kinetochor_Ybp2	1	1	15144	1586	0.10472794506075	0.18843844660159
KIX	1	1	15144	1586	0.10472794506075	0.18843844660159
KOW	4	2	15144	1586	0.0569565278087126	0.18843844660159
Kri1	1	1	15144	1586	0.10472794506075	0.18843844660159
Kri1_C	1	1	15144	1586	0.10472794506075	0.18843844660159
KTI12	1	1	15144	1586	0.10472794506075	0.18843844660159
La	5	2	15144	1586	0.0884316211626358	0.18843844660159
Laminin_G_3	1	1	15144	1586	0.10472794506075	0.18843844660159
Laps	1	1	15144	1586	0.10472794506075	0.18843844660159
Las1	1	1	15144	1586	0.10472794506075	0.18843844660159
Ldl_recept_b	8	3	15144	1586	0.0428978379643768	0.18843844660159
Ligase_CoA	4	2	15144	1586	0.0569565278087126	0.18843844660159
Lipase_GDSL_2	1	1	15144	1586	0.10472794506075	0.18843844660159
LMF1	1	1	15144	1586	0.10472794506075	0.18843844660159
LRRFIP	1	1	15144	1586	0.10472794506075	0.18843844660159
LSM14	1	1	15144	1586	0.10472794506075	0.18843844660159
Lyase_1	3	2	15144	1586	0.0305918416893707	0.18843844660159
MA3	3	2	15144	1586	0.0305918416893707	0.18843844660159
Mak16	1	1	15144	1586	0.10472794506075	0.18843844660159
MAM33	1	1	15144	1586	0.10472794506075	0.18843844660159
Med15	1	1	15144	1586	0.10472794506075	0.18843844660159
Methyltr_RsmB-F	4	2	15144	1586	0.0569565278087126	0.18843844660159
Methyltr_RsmF_N	1	1	15144	1586	0.10472794506075	0.18843844660159
Methyltransf_23	5	2	15144	1586	0.0884316211626358	0.18843844660159
Methyltransf_4	1	1	15144	1586	0.10472794506075	0.18843844660159
Methyltransf_8	1	1	15144	1586	0.10472794506075	0.18843844660159
Methyltrn_RNA_3	1	1	15144	1586	0.10472794506075	0.18843844660159
MIF4G	9	3	15144	1586	0.0594481454101742	0.18843844660159
Miga	1	1	15144	1586	0.10472794506075	0.18843844660159
Misat_Tub_SegII	1	1	15144	1586	0.10472794506075	0.18843844660159
mit_SMPDase	1	1	15144	1586	0.10472794506075	0.18843844660159
Mmp37	1	1	15144	1586	0.10472794506075	0.18843844660159
MNNL	1	1	15144	1586	0.10472794506075	0.18843844660159
Mpp10	1	1	15144	1586	0.10472794506075	0.18843844660159
mRNA_decap_C	1	1	15144	1586	0.10472794506075	0.18843844660159
MRP-L28	1	1	15144	1586	0.10472794506075	0.18843844660159
MRP-L46	1	1	15144	1586	0.10472794506075	0.18843844660159
MRP-L51	1	1	15144	1586	0.10472794506075	0.18843844660159
MRP-S22	1	1	15144	1586	0.10472794506075	0.18843844660159
MRP-S27	1	1	15144	1586	0.10472794506075	0.18843844660159
MRP-S28	1	1	15144	1586	0.10472794506075	0.18843844660159
MRP-S31	1	1	15144	1586	0.10472794506075	0.18843844660159
MRP-S32	1	1	15144	1586	0.10472794506075	0.18843844660159
MSL2-CXC	1	1	15144	1586	0.10472794506075	0.18843844660159
Muskelin_N	1	1	15144	1586	0.10472794506075	0.18843844660159
N-SET	1	1	15144	1586	0.10472794506075	0.18843844660159
NARP1	1	1	15144	1586	0.10472794506075	0.18843844660159
NatB_MDM20	1	1	15144	1586	0.10472794506075	0.18843844660159
NGP1NT	1	1	15144	1586	0.10472794506075	0.18843844660159
NIBRIN_BRCT_II	1	1	15144	1586	0.10472794506075	0.18843844660159
Nitroreductase	1	1	15144	1586	0.10472794506075	0.18843844660159
NMD3	1	1	15144	1586	0.10472794506075	0.18843844660159
NOA36	1	1	15144	1586	0.10472794506075	0.18843844660159
NOB1_Zn_bind	1	1	15144	1586	0.10472794506075	0.18843844660159
Noc2	1	1	15144	1586	0.10472794506075	0.18843844660159
NOC3p	1	1	15144	1586	0.10472794506075	0.18843844660159
NOG1	1	1	15144	1586	0.10472794506075	0.18843844660159
NOGCT	1	1	15144	1586	0.10472794506075	0.18843844660159
Nop	3	2	15144	1586	0.0305918416893707	0.18843844660159
Nop10p	1	1	15144	1586	0.10472794506075	0.18843844660159
Nop14	1	1	15144	1586	0.10472794506075	0.18843844660159
Nop16	1	1	15144	1586	0.10472794506075	0.18843844660159
Nop52	1	1	15144	1586	0.10472794506075	0.18843844660159
Nop53	1	1	15144	1586	0.10472794506075	0.18843844660159
NPR2	1	1	15144	1586	0.10472794506075	0.18843844660159
Nrap	1	1	15144	1586	0.10472794506075	0.18843844660159
Nrap_D2	1	1	15144	1586	0.10472794506075	0.18843844660159
Nrap_D3	1	1	15144	1586	0.10472794506075	0.18843844660159
Nrap_D4	1	1	15144	1586	0.10472794506075	0.18843844660159
Nrap_D5	1	1	15144	1586	0.10472794506075	0.18843844660159
Nrap_D6	1	1	15144	1586	0.10472794506075	0.18843844660159
NTF2	5	2	15144	1586	0.0884316211626358	0.18843844660159
NUC130_3NT	1	1	15144	1586	0.10472794506075	0.18843844660159
NUC173	1	1	15144	1586	0.10472794506075	0.18843844660159
Nucleoplasmin	1	1	15144	1586	0.10472794506075	0.18843844660159
Nucleoporin_N	3	2	15144	1586	0.0305918416893707	0.18843844660159
NUDE_C	1	1	15144	1586	0.10472794506075	0.18843844660159
NUDIX_2	1	1	15144	1586	0.10472794506075	0.18843844660159
NUFIP1	1	1	15144	1586	0.10472794506075	0.18843844660159
Nup160	1	1	15144	1586	0.10472794506075	0.18843844660159
Nup192	1	1	15144	1586	0.10472794506075	0.18843844660159
Nup35_RRM	1	1	15144	1586	0.10472794506075	0.18843844660159
Nup84_Nup100	1	1	15144	1586	0.10472794506075	0.18843844660159
ORC2	1	1	15144	1586	0.10472794506075	0.18843844660159
OSK	1	1	15144	1586	0.10472794506075	0.18843844660159
OTCace	1	1	15144	1586	0.10472794506075	0.18843844660159
OTCace_N	1	1	15144	1586	0.10472794506075	0.18843844660159
P66_CC	1	1	15144	1586	0.10472794506075	0.18843844660159
PA28_alpha	1	1	15144	1586	0.10472794506075	0.18843844660159
PA28_beta	1	1	15144	1586	0.10472794506075	0.18843844660159
Pacifastin_I	1	1	15144	1586	0.10472794506075	0.18843844660159
PAE	1	1	15144	1586	0.10472794506075	0.18843844660159
ParA	4	2	15144	1586	0.0569565278087126	0.18843844660159
PAZ	7	3	15144	1586	0.0290352916554641	0.18843844660159
Peptidase_M24	11	4	15144	1586	0.0216335142252513	0.18843844660159
Peptidase_M76	1	1	15144	1586	0.10472794506075	0.18843844660159
Peptidase_S51	1	1	15144	1586	0.10472794506075	0.18843844660159
Pescadillo_N	1	1	15144	1586	0.10472794506075	0.18843844660159
PHAT	1	1	15144	1586	0.10472794506075	0.18843844660159
Phos_pyr_kin	1	1	15144	1586	0.10472794506075	0.18843844660159
PIG-P	1	1	15144	1586	0.10472794506075	0.18843844660159
PIN_6	1	1	15144	1586	0.10472794506075	0.18843844660159
PMC2NT	1	1	15144	1586	0.10472794506075	0.18843844660159
PMI_typeI	1	1	15144	1586	0.10472794506075	0.18843844660159
PNPase	1	1	15144	1586	0.10472794506075	0.18843844660159
Polysacc_synt_4	1	1	15144	1586	0.10472794506075	0.18843844660159
POPLD	1	1	15144	1586	0.10472794506075	0.18843844660159
Porphobil_deam	1	1	15144	1586	0.10472794506075	0.18843844660159
Porphobil_deamC	1	1	15144	1586	0.10472794506075	0.18843844660159
PPR_long	1	1	15144	1586	0.10472794506075	0.18843844660159
PrmA	5	2	15144	1586	0.0884316211626358	0.18843844660159
PRMT5	1	1	15144	1586	0.10472794506075	0.18843844660159
PRMT5_C	1	1	15144	1586	0.10472794506075	0.18843844660159
PRMT5_TIM	1	1	15144	1586	0.10472794506075	0.18843844660159
Pro_CA	1	1	15144	1586	0.10472794506075	0.18843844660159
Promethin	1	1	15144	1586	0.10472794506075	0.18843844660159
ProRS-C_1	1	1	15144	1586	0.10472794506075	0.18843844660159
Pterin_4a	1	1	15144	1586	0.10472794506075	0.18843844660159
PTH2	3	2	15144	1586	0.0305918416893707	0.18843844660159
PTPS	1	1	15144	1586	0.10472794506075	0.18843844660159
PUA	3	2	15144	1586	0.0305918416893707	0.18843844660159
Put_Phosphatase	1	1	15144	1586	0.10472794506075	0.18843844660159
R3H	4	2	15144	1586	0.0569565278087126	0.18843844660159
Rab3-GTPase_cat	1	1	15144	1586	0.10472794506075	0.18843844660159
Rab5-bind	1	1	15144	1586	0.10472794506075	0.18843844660159
Rabaptin	1	1	15144	1586	0.10472794506075	0.18843844660159
RAC_head	1	1	15144	1586	0.10472794506075	0.18843844660159
RanGAP1_C	1	1	15144	1586	0.10472794506075	0.18843844660159
RAP	1	1	15144	1586	0.10472794506075	0.18843844660159
Rbsn	1	1	15144	1586	0.10472794506075	0.18843844660159
Reeler	5	2	15144	1586	0.0884316211626358	0.18843844660159
Rep_fac_C	3	2	15144	1586	0.0305918416893707	0.18843844660159
RhoGAP-FF1	1	1	15144	1586	0.10472794506075	0.18843844660159
Rib_5-P_isom_A	1	1	15144	1586	0.10472794506075	0.18843844660159
Ribonuc_P_40	1	1	15144	1586	0.10472794506075	0.18843844660159
Ribos_L4_asso_C	1	1	15144	1586	0.10472794506075	0.18843844660159
Ribosomal_L10	3	2	15144	1586	0.0305918416893707	0.18843844660159
Ribosomal_L13e	1	1	15144	1586	0.10472794506075	0.18843844660159
Ribosomal_L14	3	2	15144	1586	0.0305918416893707	0.18843844660159
Ribosomal_L14e	1	1	15144	1586	0.10472794506075	0.18843844660159
Ribosomal_L15e	1	1	15144	1586	0.10472794506075	0.18843844660159
Ribosomal_L17	1	1	15144	1586	0.10472794506075	0.18843844660159
Ribosomal_L18	1	1	15144	1586	0.10472794506075	0.18843844660159
Ribosomal_L18_c	1	1	15144	1586	0.10472794506075	0.18843844660159
Ribosomal_L19	1	1	15144	1586	0.10472794506075	0.18843844660159
Ribosomal_L19e	1	1	15144	1586	0.10472794506075	0.18843844660159
Ribosomal_L20	1	1	15144	1586	0.10472794506075	0.18843844660159
Ribosomal_L21e	1	1	15144	1586	0.10472794506075	0.18843844660159
Ribosomal_L21p	1	1	15144	1586	0.10472794506075	0.18843844660159
Ribosomal_L22e	1	1	15144	1586	0.10472794506075	0.18843844660159
Ribosomal_L23eN	1	1	15144	1586	0.10472794506075	0.18843844660159
Ribosomal_L26	1	1	15144	1586	0.10472794506075	0.18843844660159
Ribosomal_L27e	1	1	15144	1586	0.10472794506075	0.18843844660159
Ribosomal_L29	1	1	15144	1586	0.10472794506075	0.18843844660159
Ribosomal_L29e	1	1	15144	1586	0.10472794506075	0.18843844660159
Ribosomal_L30_N	1	1	15144	1586	0.10472794506075	0.18843844660159
Ribosomal_L31e	1	1	15144	1586	0.10472794506075	0.18843844660159
Ribosomal_L32e	1	1	15144	1586	0.10472794506075	0.18843844660159
Ribosomal_L34e	1	1	15144	1586	0.10472794506075	0.18843844660159
Ribosomal_L35Ae	1	1	15144	1586	0.10472794506075	0.18843844660159
Ribosomal_L35p	1	1	15144	1586	0.10472794506075	0.18843844660159
Ribosomal_L36	1	1	15144	1586	0.10472794506075	0.18843844660159
Ribosomal_L36e	1	1	15144	1586	0.10472794506075	0.18843844660159
Ribosomal_L37ae	1	1	15144	1586	0.10472794506075	0.18843844660159
Ribosomal_L38e	1	1	15144	1586	0.10472794506075	0.18843844660159
Ribosomal_L39	1	1	15144	1586	0.10472794506075	0.18843844660159
Ribosomal_L40e	1	1	15144	1586	0.10472794506075	0.18843844660159
Ribosomal_L41	1	1	15144	1586	0.10472794506075	0.18843844660159
Ribosomal_L44	1	1	15144	1586	0.10472794506075	0.18843844660159
Ribosomal_L5	1	1	15144	1586	0.10472794506075	0.18843844660159
Ribosomal_L5_C	1	1	15144	1586	0.10472794506075	0.18843844660159
Ribosomal_L50	1	1	15144	1586	0.10472794506075	0.18843844660159
Ribosomal_L5e	1	1	15144	1586	0.10472794506075	0.18843844660159
Ribosomal_L6	1	1	15144	1586	0.10472794506075	0.18843844660159
Ribosomal_L9_N	1	1	15144	1586	0.10472794506075	0.18843844660159
Ribosomal_S10	3	2	15144	1586	0.0305918416893707	0.18843844660159
Ribosomal_S11	3	2	15144	1586	0.0305918416893707	0.18843844660159
Ribosomal_S13_N	1	1	15144	1586	0.10472794506075	0.18843844660159
Ribosomal_S16	1	1	15144	1586	0.10472794506075	0.18843844660159
Ribosomal_S17	3	2	15144	1586	0.0305918416893707	0.18843844660159
Ribosomal_S17_N	1	1	15144	1586	0.10472794506075	0.18843844660159
Ribosomal_S17e	1	1	15144	1586	0.10472794506075	0.18843844660159
Ribosomal_S19	1	1	15144	1586	0.10472794506075	0.18843844660159
Ribosomal_S19e	1	1	15144	1586	0.10472794506075	0.18843844660159
Ribosomal_S21e	1	1	15144	1586	0.10472794506075	0.18843844660159
Ribosomal_S24e	1	1	15144	1586	0.10472794506075	0.18843844660159
Ribosomal_S26e	1	1	15144	1586	0.10472794506075	0.18843844660159
Ribosomal_S27	1	1	15144	1586	0.10472794506075	0.18843844660159
Ribosomal_S27e	1	1	15144	1586	0.10472794506075	0.18843844660159
Ribosomal_S28e	1	1	15144	1586	0.10472794506075	0.18843844660159
Ribosomal_S3_C	1	1	15144	1586	0.10472794506075	0.18843844660159
Ribosomal_S30	1	1	15144	1586	0.10472794506075	0.18843844660159
Ribosomal_S3Ae	1	1	15144	1586	0.10472794506075	0.18843844660159
Ribosomal_S4e	1	1	15144	1586	0.10472794506075	0.18843844660159
Ribosomal_S6e	1	1	15144	1586	0.10472794506075	0.18843844660159
Ribosomal_S7e	1	1	15144	1586	0.10472794506075	0.18843844660159
RIO1	3	2	15144	1586	0.0305918416893707	0.18843844660159
Rio2_N	1	1	15144	1586	0.10472794506075	0.18843844660159
RIX1	1	1	15144	1586	0.10472794506075	0.18843844660159
RMI1_C	1	1	15144	1586	0.10472794506075	0.18843844660159
RMI1_N	1	1	15144	1586	0.10472794506075	0.18843844660159
RNA_pol	1	1	15144	1586	0.10472794506075	0.18843844660159
RNA_pol_I_A49	1	1	15144	1586	0.10472794506075	0.18843844660159
RNA_pol_N	1	1	15144	1586	0.10472794506075	0.18843844660159
RNA_pol_Rbc25	1	1	15144	1586	0.10472794506075	0.18843844660159
RNA_pol_Rpa2_4	1	1	15144	1586	0.10472794506075	0.18843844660159
RNA_pol_Rpb1_1	3	2	15144	1586	0.0305918416893707	0.18843844660159
RNA_pol_Rpb1_2	3	2	15144	1586	0.0305918416893707	0.18843844660159
RNA_pol_Rpb1_3	3	2	15144	1586	0.0305918416893707	0.18843844660159
RNA_pol_Rpb1_4	3	2	15144	1586	0.0305918416893707	0.18843844660159
RNA_pol_Rpb1_5	3	2	15144	1586	0.0305918416893707	0.18843844660159
RNA_pol_Rpb1_6	1	1	15144	1586	0.10472794506075	0.18843844660159
RNA_pol_Rpb1_7	1	1	15144	1586	0.10472794506075	0.18843844660159
RNA_pol_Rpb5_C	1	1	15144	1586	0.10472794506075	0.18843844660159
RNA_pol_Rpb5_N	1	1	15144	1586	0.10472794506075	0.18843844660159
RNA_pol_Rpc34	1	1	15144	1586	0.10472794506075	0.18843844660159
RNA_pol_Rpc4	1	1	15144	1586	0.10472794506075	0.18843844660159
RNase_H2-Ydr279	1	1	15144	1586	0.10472794506075	0.18843844660159
RNase_P_p30	1	1	15144	1586	0.10472794506075	0.18843844660159
RNase_PH_C	4	2	15144	1586	0.0569565278087126	0.18843844660159
RPA_C	1	1	15144	1586	0.10472794506075	0.18843844660159
RPOL_N	1	1	15144	1586	0.10472794506075	0.18843844660159
RRF	1	1	15144	1586	0.10472794506075	0.18843844660159
RRN3	1	1	15144	1586	0.10472794506075	0.18843844660159
RrnaAD	3	2	15144	1586	0.0305918416893707	0.18843844660159
Rrp15p	1	1	15144	1586	0.10472794506075	0.18843844660159
RRP36	1	1	15144	1586	0.10472794506075	0.18843844660159
Rrp44_CSD1	1	1	15144	1586	0.10472794506075	0.18843844660159
RRS1	1	1	15144	1586	0.10472794506075	0.18843844660159
RS4NT	1	1	15144	1586	0.10472794506075	0.18843844660159
Rsm22	1	1	15144	1586	0.10472794506075	0.18843844660159
S1	4	2	15144	1586	0.0569565278087126	0.18843844660159
S1-like	1	1	15144	1586	0.10472794506075	0.18843844660159
SAICAR_synt	1	1	15144	1586	0.10472794506075	0.18843844660159
SAM_decarbox	1	1	15144	1586	0.10472794506075	0.18843844660159
SAP	5	2	15144	1586	0.0884316211626358	0.18843844660159
SAP18	1	1	15144	1586	0.10472794506075	0.18843844660159
Sas10	1	1	15144	1586	0.10472794506075	0.18843844660159
SDA1	1	1	15144	1586	0.10472794506075	0.18843844660159
SelK_SelG	1	1	15144	1586	0.10472794506075	0.18843844660159
SelP_N	1	1	15144	1586	0.10472794506075	0.18843844660159
Sen15	1	1	15144	1586	0.10472794506075	0.18843844660159
Seryl_tRNA_N	1	1	15144	1586	0.10472794506075	0.18843844660159
SGT1	1	1	15144	1586	0.10472794506075	0.18843844660159
SH2_2	1	1	15144	1586	0.10472794506075	0.18843844660159
SHMT	1	1	15144	1586	0.10472794506075	0.18843844660159
SHNi-TPR	1	1	15144	1586	0.10472794506075	0.18843844660159
SHQ1	1	1	15144	1586	0.10472794506075	0.18843844660159
SIX1_SD	4	2	15144	1586	0.0569565278087126	0.18843844660159
SLX9	1	1	15144	1586	0.10472794506075	0.18843844660159
SNase	1	1	15144	1586	0.10472794506075	0.18843844660159
Sof1	1	1	15144	1586	0.10472794506075	0.18843844660159
SOXp	1	1	15144	1586	0.10472794506075	0.18843844660159
Spb1_C	1	1	15144	1586	0.10472794506075	0.18843844660159
SPT6_acidic	1	1	15144	1586	0.10472794506075	0.18843844660159
SQS_PSY	1	1	15144	1586	0.10472794506075	0.18843844660159
SRAP	1	1	15144	1586	0.10472794506075	0.18843844660159
SRP40_C	1	1	15144	1586	0.10472794506075	0.18843844660159
SSF	17	4	15144	1586	0.0943853010007994	0.18843844660159
SSXT	1	1	15144	1586	0.10472794506075	0.18843844660159
Swi3	1	1	15144	1586	0.10472794506075	0.18843844660159
SWIB	3	2	15144	1586	0.0305918416893707	0.18843844660159
TCTP	1	1	15144	1586	0.10472794506075	0.18843844660159
Thg1	1	1	15144	1586	0.10472794506075	0.18843844660159
Thg1C	1	1	15144	1586	0.10472794506075	0.18843844660159
Thymidylat_synt	1	1	15144	1586	0.10472794506075	0.18843844660159
Thymidylate_kin	1	1	15144	1586	0.10472794506075	0.18843844660159
TIM21	1	1	15144	1586	0.10472794506075	0.18843844660159
Tim44	3	2	15144	1586	0.0305918416893707	0.18843844660159
Tma16	1	1	15144	1586	0.10472794506075	0.18843844660159
TMEM126	1	1	15144	1586	0.10472794506075	0.18843844660159
TMEM169	1	1	15144	1586	0.10472794506075	0.18843844660159
TMEM192	3	2	15144	1586	0.0305918416893707	0.18843844660159
TMEM223	1	1	15144	1586	0.10472794506075	0.18843844660159
TP_methylase	1	1	15144	1586	0.10472794506075	0.18843844660159
TRAUB	1	1	15144	1586	0.10472794506075	0.18843844660159
TRM	1	1	15144	1586	0.10472794506075	0.18843844660159
Trm112p	1	1	15144	1586	0.10472794506075	0.18843844660159
TRM13	1	1	15144	1586	0.10472794506075	0.18843844660159
tRNA_anti-codon	7	3	15144	1586	0.0290352916554641	0.18843844660159
tRNA_bind_2	1	1	15144	1586	0.10472794506075	0.18843844660159
tRNA_U5-meth_tr	1	1	15144	1586	0.10472794506075	0.18843844660159
tRNA-synt_2	6	3	15144	1586	0.0179770187429864	0.18843844660159
tRNA-synt_2c	3	2	15144	1586	0.0305918416893707	0.18843844660159
tRNA-synt_His	3	2	15144	1586	0.0305918416893707	0.18843844660159
TruB_C_2	1	1	15144	1586	0.10472794506075	0.18843844660159
Tubulin_3	1	1	15144	1586	0.10472794506075	0.18843844660159
TUDOR	17	5	15144	1586	0.0264648196501317	0.18843844660159
TUG-UBL1	1	1	15144	1586	0.10472794506075	0.18843844660159
Tyr_Deacylase	1	1	15144	1586	0.10472794506075	0.18843844660159
U3_assoc_6	1	1	15144	1586	0.10472794506075	0.18843844660159
U3snoRNP10	1	1	15144	1586	0.10472794506075	0.18843844660159
UPF0020	1	1	15144	1586	0.10472794506075	0.18843844660159
UPF0113	1	1	15144	1586	0.10472794506075	0.18843844660159
Upf2	1	1	15144	1586	0.10472794506075	0.18843844660159
Urb2	1	1	15144	1586	0.10472794506075	0.18843844660159
Urm1	1	1	15144	1586	0.10472794506075	0.18843844660159
Utp13	1	1	15144	1586	0.10472794506075	0.18843844660159
Utp14	1	1	15144	1586	0.10472794506075	0.18843844660159
UTP15_C	1	1	15144	1586	0.10472794506075	0.18843844660159
Utp21	1	1	15144	1586	0.10472794506075	0.18843844660159
Val_tRNA-synt_C	1	1	15144	1586	0.10472794506075	0.18843844660159
VIR_N	1	1	15144	1586	0.10472794506075	0.18843844660159
Vma12	1	1	15144	1586	0.10472794506075	0.18843844660159
WBS_methylT	1	1	15144	1586	0.10472794506075	0.18843844660159
WGG	1	1	15144	1586	0.10472794506075	0.18843844660159
YchF-GTPase_C	1	1	15144	1586	0.10472794506075	0.18843844660159
YqgF	1	1	15144	1586	0.10472794506075	0.18843844660159
zf-C6H2	1	1	15144	1586	0.10472794506075	0.18843844660159
zf-CCCH	10	4	15144	1586	0.0149903126043372	0.18843844660159
zf-CCCH_3	1	1	15144	1586	0.10472794506075	0.18843844660159
zf-DNA_Pol	1	1	15144	1586	0.10472794506075	0.18843844660159
zf-HIT	5	2	15144	1586	0.0884316211626358	0.18843844660159
zf-LYAR	1	1	15144	1586	0.10472794506075	0.18843844660159
zf-RING_10	1	1	15144	1586	0.10472794506075	0.18843844660159
zf-TAZ	1	1	15144	1586	0.10472794506075	0.18843844660159
zf-TRM13_CCCH	1	1	15144	1586	0.10472794506075	0.18843844660159
zf-UBP	8	3	15144	1586	0.0428978379643768	0.18843844660159
zinc_ribbon_10	1	1	15144	1586	0.10472794506075	0.18843844660159
FHA	18	4	15144	1586	0.111761665304831	0.200406815221825
SAM_1	18	4	15144	1586	0.111761665304831	0.200406815221825
adh_short_C2	6	2	15144	1586	0.12365892237246	0.219489356292235
EFG_C	6	2	15144	1586	0.12365892237246	0.219489356292235
His_Phos_1	6	2	15144	1586	0.12365892237246	0.219489356292235
PP-binding	6	2	15144	1586	0.12365892237246	0.219489356292235
RCC1	12	3	15144	1586	0.123164994369871	0.219489356292235
RWD	6	2	15144	1586	0.12365892237246	0.219489356292235
Acyl-CoA_dh_1	13	3	15144	1586	0.148240848029119	0.262233810425878
OB_NTP_bind	13	3	15144	1586	0.148240848029119	0.262233810425878
KH_1	20	4	15144	1586	0.150285010725721	0.265402316921348
Collagen	7	2	15144	1586	0.161508374659259	0.283314857888901
Histone_H2A_C	7	2	15144	1586	0.161508374659259	0.283314857888901
PBP	7	2	15144	1586	0.161508374659259	0.283314857888901
RNase_T	7	2	15144	1586	0.161508374659259	0.283314857888901
5-FTHF_cyc-lig	2	1	15144	1586	0.198494139284725	0.286410388046322
60KD_IMP	2	1	15144	1586	0.198494139284725	0.286410388046322
6PF2K	2	1	15144	1586	0.198494139284725	0.286410388046322
A_deamin	2	1	15144	1586	0.198494139284725	0.286410388046322
ADH_zinc_N	14	3	15144	1586	0.174775533893066	0.286410388046322
AdoHcyase	2	1	15144	1586	0.198494139284725	0.286410388046322
AdoHcyase_NAD	2	1	15144	1586	0.198494139284725	0.286410388046322
Alg6_Alg8	2	1	15144	1586	0.198494139284725	0.286410388046322
AMP_N	2	1	15144	1586	0.198494139284725	0.286410388046322
ATP-synt_S1	2	1	15144	1586	0.198494139284725	0.286410388046322
CAF1C_H4-bd	2	1	15144	1586	0.198494139284725	0.286410388046322
Carboxyl_trans	2	1	15144	1586	0.198494139284725	0.286410388046322
Cdc6_C	2	1	15144	1586	0.198494139284725	0.286410388046322
CEBP_ZZ	2	1	15144	1586	0.198494139284725	0.286410388046322
cEGF	2	1	15144	1586	0.198494139284725	0.286410388046322
CENP-B_N	2	1	15144	1586	0.198494139284725	0.286410388046322
CoA_binding	2	1	15144	1586	0.198494139284725	0.286410388046322
CP2	2	1	15144	1586	0.198494139284725	0.286410388046322
DFRP_C	2	1	15144	1586	0.198494139284725	0.286410388046322
Diphthamide_syn	2	1	15144	1586	0.198494139284725	0.286410388046322
DNA_ligase_A_C	2	1	15144	1586	0.198494139284725	0.286410388046322
DNA_ligase_A_M	2	1	15144	1586	0.198494139284725	0.286410388046322
DNA_ligase_A_N	2	1	15144	1586	0.198494139284725	0.286410388046322
DNA_pol_A	2	1	15144	1586	0.198494139284725	0.286410388046322
DSHCT	2	1	15144	1586	0.198494139284725	0.286410388046322
DSL	2	1	15144	1586	0.198494139284725	0.286410388046322
DTW	2	1	15144	1586	0.198494139284725	0.286410388046322
DUF1115	2	1	15144	1586	0.198494139284725	0.286410388046322
DUF1279	2	1	15144	1586	0.198494139284725	0.286410388046322
DUF389	2	1	15144	1586	0.198494139284725	0.286410388046322
ECR1_N	2	1	15144	1586	0.198494139284725	0.286410388046322
EGF_3	2	1	15144	1586	0.198494139284725	0.286410388046322
eIF-1a	2	1	15144	1586	0.198494139284725	0.286410388046322
eIF-5_eIF-2B	2	1	15144	1586	0.198494139284725	0.286410388046322
EIF4E-T	2	1	15144	1586	0.198494139284725	0.286410388046322
ELFV_dehydrog	2	1	15144	1586	0.198494139284725	0.286410388046322
ELFV_dehydrog_N	2	1	15144	1586	0.198494139284725	0.286410388046322
Ephrin_rec_like	2	1	15144	1586	0.198494139284725	0.286410388046322
ER	2	1	15144	1586	0.198494139284725	0.286410388046322
F420_oxidored	2	1	15144	1586	0.198494139284725	0.286410388046322
FDF	2	1	15144	1586	0.198494139284725	0.286410388046322
FF	2	1	15144	1586	0.198494139284725	0.286410388046322
Filament	2	1	15144	1586	0.198494139284725	0.286410388046322
Formyl_trans_C	2	1	15144	1586	0.198494139284725	0.286410388046322
FtsH_ext	2	1	15144	1586	0.198494139284725	0.286410388046322
GATase_6	2	1	15144	1586	0.198494139284725	0.286410388046322
GCV_H	2	1	15144	1586	0.198494139284725	0.286410388046322
GTP1_OBG	2	1	15144	1586	0.198494139284725	0.286410388046322
Gtr1_RagA	2	1	15144	1586	0.198494139284725	0.286410388046322
HA2	14	3	15144	1586	0.174775533893066	0.286410388046322
HMG_box_2	2	1	15144	1586	0.198494139284725	0.286410388046322
HMGL-like	2	1	15144	1586	0.198494139284725	0.286410388046322
HRDC	2	1	15144	1586	0.198494139284725	0.286410388046322
IATP	2	1	15144	1586	0.198494139284725	0.286410388046322
LTD	2	1	15144	1586	0.198494139284725	0.286410388046322
MCM2_N	2	1	15144	1586	0.198494139284725	0.286410388046322
Mtc	2	1	15144	1586	0.198494139284725	0.286410388046322
MTS	2	1	15144	1586	0.198494139284725	0.286410388046322
NAD_binding_11	2	1	15144	1586	0.198494139284725	0.286410388046322
NAD_synthase	2	1	15144	1586	0.198494139284725	0.286410388046322
NIDO	2	1	15144	1586	0.198494139284725	0.286410388046322
O-FucT	2	1	15144	1586	0.198494139284725	0.286410388046322
Oxidored_q6	2	1	15144	1586	0.198494139284725	0.286410388046322
P5CR_dimer	2	1	15144	1586	0.198494139284725	0.286410388046322
PDCD2_C	2	1	15144	1586	0.198494139284725	0.286410388046322
Peptidase_M3	2	1	15144	1586	0.198494139284725	0.286410388046322
PMSR	2	1	15144	1586	0.198494139284725	0.286410388046322
PPR_3	2	1	15144	1586	0.198494139284725	0.286410388046322
Pro_dh	2	1	15144	1586	0.198494139284725	0.286410388046322
Pyr_redox_dim	2	1	15144	1586	0.198494139284725	0.286410388046322
Rdx	2	1	15144	1586	0.198494139284725	0.286410388046322
Ribosomal_L11	2	1	15144	1586	0.198494139284725	0.286410388046322
Ribosomal_L11_N	2	1	15144	1586	0.198494139284725	0.286410388046322
Ribosomal_L13	2	1	15144	1586	0.198494139284725	0.286410388046322
Ribosomal_L18A	2	1	15144	1586	0.198494139284725	0.286410388046322
Ribosomal_L2	2	1	15144	1586	0.198494139284725	0.286410388046322
Ribosomal_L2_C	2	1	15144	1586	0.198494139284725	0.286410388046322
Ribosomal_L22	2	1	15144	1586	0.198494139284725	0.286410388046322
Ribosomal_L23	2	1	15144	1586	0.198494139284725	0.286410388046322
Ribosomal_L30	2	1	15144	1586	0.198494139284725	0.286410388046322
Ribosomal_L37e	2	1	15144	1586	0.198494139284725	0.286410388046322
Ribosomal_L4	2	1	15144	1586	0.198494139284725	0.286410388046322
Ribosomal_S13	2	1	15144	1586	0.198494139284725	0.286410388046322
Ribosomal_S15	2	1	15144	1586	0.198494139284725	0.286410388046322
Ribosomal_S25	2	1	15144	1586	0.198494139284725	0.286410388046322
Ribosomal_S7	2	1	15144	1586	0.198494139284725	0.286410388046322
Ribosomal_S9	2	1	15144	1586	0.198494139284725	0.286410388046322
RLI	2	1	15144	1586	0.198494139284725	0.286410388046322
RNA_pol_L_2	2	1	15144	1586	0.198494139284725	0.286410388046322
RNA_pol_Rpb4	2	1	15144	1586	0.198494139284725	0.286410388046322
RNB	2	1	15144	1586	0.198494139284725	0.286410388046322
RRM_3	2	1	15144	1586	0.198494139284725	0.286410388046322
RRM_7	2	1	15144	1586	0.198494139284725	0.286410388046322
rRNA_proc-arch	2	1	15144	1586	0.198494139284725	0.286410388046322
RTC	2	1	15144	1586	0.198494139284725	0.286410388046322
RTC_insert	2	1	15144	1586	0.198494139284725	0.286410388046322
S-AdoMet_synt_C	2	1	15144	1586	0.198494139284725	0.286410388046322
S-AdoMet_synt_M	2	1	15144	1586	0.198494139284725	0.286410388046322
S-AdoMet_synt_N	2	1	15144	1586	0.198494139284725	0.286410388046322
S-methyl_trans	2	1	15144	1586	0.198494139284725	0.286410388046322
S10_plectin	2	1	15144	1586	0.198494139284725	0.286410388046322
SHS2_Rpb7-N	2	1	15144	1586	0.198494139284725	0.286410388046322
SLC3A2_N	2	1	15144	1586	0.198494139284725	0.286410388046322
Snapin_Pallidin	2	1	15144	1586	0.198494139284725	0.286410388046322
Spermine_synt_N	2	1	15144	1586	0.198494139284725	0.286410388046322
Spermine_synth	2	1	15144	1586	0.198494139284725	0.286410388046322
STAT_alpha	2	1	15144	1586	0.198494139284725	0.286410388046322
STAT_bind	2	1	15144	1586	0.198494139284725	0.286410388046322
STAT_int	2	1	15144	1586	0.198494139284725	0.286410388046322
STT3	2	1	15144	1586	0.198494139284725	0.286410388046322
Suf	2	1	15144	1586	0.198494139284725	0.286410388046322
SUV3_C	2	1	15144	1586	0.198494139284725	0.286410388046322
TAP_C	2	1	15144	1586	0.198494139284725	0.286410388046322
TGT	2	1	15144	1586	0.198494139284725	0.286410388046322
THF_DHG_CYH	2	1	15144	1586	0.198494139284725	0.286410388046322
THF_DHG_CYH_C	2	1	15144	1586	0.198494139284725	0.286410388046322
Translin	2	1	15144	1586	0.198494139284725	0.286410388046322
tRNA-synt_1c_C	2	1	15144	1586	0.198494139284725	0.286410388046322
tRNA-synt_2d	2	1	15144	1586	0.198494139284725	0.286410388046322
TruB_N	2	1	15144	1586	0.198494139284725	0.286410388046322
USP8_dimer	2	1	15144	1586	0.198494139284725	0.286410388046322
Vps54_N	2	1	15144	1586	0.198494139284725	0.286410388046322
WAC_Acf1_DNA_bd	2	1	15144	1586	0.198494139284725	0.286410388046322
WHIM1	2	1	15144	1586	0.198494139284725	0.286410388046322
XTBD	2	1	15144	1586	0.198494139284725	0.286410388046322
zf-CCCH_2	2	1	15144	1586	0.198494139284725	0.286410388046322
zf-CCHC_3	2	1	15144	1586	0.198494139284725	0.286410388046322
zf-CDGSH	2	1	15144	1586	0.198494139284725	0.286410388046322
zf-CSL	2	1	15144	1586	0.198494139284725	0.286410388046322
zf-B_box	8	2	15144	1586	0.20104522022422	0.289295522654604
zf-RanBP	8	2	15144	1586	0.20104522022422	0.289295522654604
PCI	15	3	15144	1586	0.202493728713426	0.290980714274499
DnaJ_C	9	2	15144	1586	0.241501527313947	0.344205301837405
dsrm	9	2	15144	1586	0.241501527313947	0.344205301837405
Myb_DNA-binding	9	2	15144	1586	0.241501527313947	0.344205301837405
Peptidase_M2	9	2	15144	1586	0.241501527313947	0.344205301837405
zf-U11-48K	9	2	15144	1586	0.241501527313947	0.344205301837405
Zip	9	2	15144	1586	0.241501527313947	0.344205301837405
AAA	41	6	15144	1586	0.255269837795052	0.363335223673012
Abhydrolase_2	3	1	15144	1586	0.282445288082402	0.368056033786882
ArgoL1	3	1	15144	1586	0.282445288082402	0.368056033786882
Biopterin_H	3	1	15144	1586	0.282445288082402	0.368056033786882
Biotin_carb_C	3	1	15144	1586	0.282445288082402	0.368056033786882
Biotin_carb_N	3	1	15144	1586	0.282445288082402	0.368056033786882
Bromo_TP	3	1	15144	1586	0.282445288082402	0.368056033786882
CPSF_A	3	1	15144	1586	0.282445288082402	0.368056033786882
CSN8_PSD8_EIF3K	3	1	15144	1586	0.282445288082402	0.368056033786882
DLIC	3	1	15144	1586	0.282445288082402	0.368056033786882
DNA_pol_B	3	1	15144	1586	0.282445288082402	0.368056033786882
DNA_pol_B_exo1	3	1	15144	1586	0.282445288082402	0.368056033786882
DUF4779	3	1	15144	1586	0.282445288082402	0.368056033786882
Exo_endo_phos	10	2	15144	1586	0.282251533560694	0.368056033786882
Exostosin	3	1	15144	1586	0.282445288082402	0.368056033786882
FAA_hydrolase	3	1	15144	1586	0.282445288082402	0.368056033786882
FAD_binding_8	3	1	15144	1586	0.282445288082402	0.368056033786882
Ferric_reduct	3	1	15144	1586	0.282445288082402	0.368056033786882
FG-GAP	3	1	15144	1586	0.282445288082402	0.368056033786882
Glyco_transf_64	3	1	15144	1586	0.282445288082402	0.368056033786882
GST_N	3	1	15144	1586	0.282445288082402	0.368056033786882
HAD_2	3	1	15144	1586	0.282445288082402	0.368056033786882
HATPase_c_3	3	1	15144	1586	0.282445288082402	0.368056033786882
HEAT_EZ	3	1	15144	1586	0.282445288082402	0.368056033786882
HIT	3	1	15144	1586	0.282445288082402	0.368056033786882
HYR	3	1	15144	1586	0.282445288082402	0.368056033786882
IMS	3	1	15144	1586	0.282445288082402	0.368056033786882
IMS_C	3	1	15144	1586	0.282445288082402	0.368056033786882
ING	3	1	15144	1586	0.282445288082402	0.368056033786882
MMS1_N	3	1	15144	1586	0.282445288082402	0.368056033786882
mTERF	3	1	15144	1586	0.282445288082402	0.368056033786882
NAD_binding_2	3	1	15144	1586	0.282445288082402	0.368056033786882
NAD_binding_6	3	1	15144	1586	0.282445288082402	0.368056033786882
NAP	3	1	15144	1586	0.282445288082402	0.368056033786882
NDK	3	1	15144	1586	0.282445288082402	0.368056033786882
Neuralized	3	1	15144	1586	0.282445288082402	0.368056033786882
PALP	3	1	15144	1586	0.282445288082402	0.368056033786882
Peptidase_M41	3	1	15144	1586	0.282445288082402	0.368056033786882
Pex2_Pex12	3	1	15144	1586	0.282445288082402	0.368056033786882
Phosducin	3	1	15144	1586	0.282445288082402	0.368056033786882
Porin_3	3	1	15144	1586	0.282445288082402	0.368056033786882
PP2C	10	2	15144	1586	0.282251533560694	0.368056033786882
Pre-SET	3	1	15144	1586	0.282445288082402	0.368056033786882
PseudoU_synth_1	3	1	15144	1586	0.282445288082402	0.368056033786882
Pyr_redox_2	10	2	15144	1586	0.282251533560694	0.368056033786882
Rad60-SLD	3	1	15144	1586	0.282445288082402	0.368056033786882
Ribosomal_S18	3	1	15144	1586	0.282445288082402	0.368056033786882
RMMBL	3	1	15144	1586	0.282445288082402	0.368056033786882
RNA_pol_A_bac	3	1	15144	1586	0.282445288082402	0.368056033786882
RNA_pol_L	3	1	15144	1586	0.282445288082402	0.368056033786882
RNA_pol_Rpb2_1	3	1	15144	1586	0.282445288082402	0.368056033786882
RNA_pol_Rpb2_2	3	1	15144	1586	0.282445288082402	0.368056033786882
RNA_pol_Rpb2_3	3	1	15144	1586	0.282445288082402	0.368056033786882
RNA_pol_Rpb2_6	3	1	15144	1586	0.282445288082402	0.368056033786882
RNA_pol_Rpb2_7	3	1	15144	1586	0.282445288082402	0.368056033786882
Sec23_BS	3	1	15144	1586	0.282445288082402	0.368056033786882
Sec23_helical	3	1	15144	1586	0.282445288082402	0.368056033786882
Sec23_trunk	3	1	15144	1586	0.282445288082402	0.368056033786882
SPARC_Ca_bdg	3	1	15144	1586	0.282445288082402	0.368056033786882
SpoU_methylase	3	1	15144	1586	0.282445288082402	0.368056033786882
SUI1	3	1	15144	1586	0.282445288082402	0.368056033786882
TFIIS_C	3	1	15144	1586	0.282445288082402	0.368056033786882
TGS	3	1	15144	1586	0.282445288082402	0.368056033786882
Transketolase_C	3	1	15144	1586	0.282445288082402	0.368056033786882
tRNA-synt_1c	3	1	15144	1586	0.282445288082402	0.368056033786882
tRNA-synt_1g	3	1	15144	1586	0.282445288082402	0.368056033786882
WHEP-TRS	3	1	15144	1586	0.282445288082402	0.368056033786882
zf-C2HC	3	1	15144	1586	0.282445288082402	0.368056033786882
zf-Sec23_Sec24	3	1	15144	1586	0.282445288082402	0.368056033786882
Bromodomain	18	3	15144	1586	0.290166323397416	0.377648229831129
IBN_N	11	2	15144	1586	0.322790319270825	0.419587416251667
2OG-FeII_Oxy_2	4	1	15144	1586	0.357608208173632	0.448185197579618
ADAM_spacer1	4	1	15144	1586	0.357608208173632	0.448185197579618
ADH_zinc_N_2	4	1	15144	1586	0.357608208173632	0.448185197579618
Beta-Casp	4	1	15144	1586	0.357608208173632	0.448185197579618
BRCT_2	4	1	15144	1586	0.357608208173632	0.448185197579618
DDT	4	1	15144	1586	0.357608208173632	0.448185197579618
EF-hand_1	4	1	15144	1586	0.357608208173632	0.448185197579618
Glyco_transf_22	4	1	15144	1586	0.357608208173632	0.448185197579618
Glyoxalase	4	1	15144	1586	0.357608208173632	0.448185197579618
Integrin_alpha2	4	1	15144	1586	0.357608208173632	0.448185197579618
KAsynt_C_assoc	4	1	15144	1586	0.357608208173632	0.448185197579618
Kelch_5	4	1	15144	1586	0.357608208173632	0.448185197579618
KR	4	1	15144	1586	0.357608208173632	0.448185197579618
Lactamase_B	4	1	15144	1586	0.357608208173632	0.448185197579618
Lactamase_B_6	4	1	15144	1586	0.357608208173632	0.448185197579618
LEM	4	1	15144	1586	0.357608208173632	0.448185197579618
Methyltransf_11	4	1	15144	1586	0.357608208173632	0.448185197579618
MitMem_reg	4	1	15144	1586	0.357608208173632	0.448185197579618
NTP_transferase	4	1	15144	1586	0.357608208173632	0.448185197579618
PIN_4	4	1	15144	1586	0.357608208173632	0.448185197579618
PS-DH	4	1	15144	1586	0.357608208173632	0.448185197579618
RF-1	4	1	15144	1586	0.357608208173632	0.448185197579618
SIR2	4	1	15144	1586	0.357608208173632	0.448185197579618
Thioesterase	4	1	15144	1586	0.357608208173632	0.448185197579618
TPT	4	1	15144	1586	0.357608208173632	0.448185197579618
tRNA-synt_1b	4	1	15144	1586	0.357608208173632	0.448185197579618
W2	4	1	15144	1586	0.357608208173632	0.448185197579618
WAP	4	1	15144	1586	0.357608208173632	0.448185197579618
WSD	4	1	15144	1586	0.357608208173632	0.448185197579618
Xpo1	4	1	15144	1586	0.357608208173632	0.448185197579618
AA_permease_2	12	2	15144	1586	0.362715384251015	0.451350460355059
DHHC	12	2	15144	1586	0.362715384251015	0.451350460355059
Laminin_EGF	12	2	15144	1586	0.362715384251015	0.451350460355059
TIR	12	2	15144	1586	0.362715384251015	0.451350460355059
Tubulin	12	2	15144	1586	0.362715384251015	0.451350460355059
Tubulin_C	12	2	15144	1586	0.362715384251015	0.451350460355059
An_peroxidase	21	3	15144	1586	0.379901470661529	0.472176116971498
MRJP	13	2	15144	1586	0.401710754473178	0.498102342130454
Pro_isomerase	13	2	15144	1586	0.401710754473178	0.498102342130454
Thioredoxin	22	3	15144	1586	0.409405295132197	0.507043866108235
SET	40	5	15144	1586	0.409981438942243	0.507158643219827
ADK	5	1	15144	1586	0.424902354926381	0.507656686011132
Amidohydro_1	5	1	15144	1586	0.424902354926381	0.507656686011132
Aminotran_5	5	1	15144	1586	0.424902354926381	0.507656686011132
ATP-synt_C	5	1	15144	1586	0.424902354926381	0.507656686011132
CDP-OH_P_transf	5	1	15144	1586	0.424902354926381	0.507656686011132
CHCH	5	1	15144	1586	0.424902354926381	0.507656686011132
DNA_pol_A_exo1	5	1	15144	1586	0.424902354926381	0.507656686011132
EB	5	1	15144	1586	0.424902354926381	0.507656686011132
Epimerase	5	1	15144	1586	0.424902354926381	0.507656686011132
F5_F8_type_C	5	1	15144	1586	0.424902354926381	0.507656686011132
GCV_T	5	1	15144	1586	0.424902354926381	0.507656686011132
GCV_T_C	5	1	15144	1586	0.424902354926381	0.507656686011132
GILT	5	1	15144	1586	0.424902354926381	0.507656686011132
Glyco_hydro_31	5	1	15144	1586	0.424902354926381	0.507656686011132
GST_C_3	5	1	15144	1586	0.424902354926381	0.507656686011132
Hexapep	5	1	15144	1586	0.424902354926381	0.507656686011132
HSP90	5	1	15144	1586	0.424902354926381	0.507656686011132
Iso_dh	5	1	15144	1586	0.424902354926381	0.507656686011132
ketoacyl-synt	5	1	15144	1586	0.424902354926381	0.507656686011132
Ketoacyl-synt_C	5	1	15144	1586	0.424902354926381	0.507656686011132
MATH	5	1	15144	1586	0.424902354926381	0.507656686011132
Methyltransf_16	5	1	15144	1586	0.424902354926381	0.507656686011132
OST-HTH	5	1	15144	1586	0.424902354926381	0.507656686011132
PAS_3	5	1	15144	1586	0.424902354926381	0.507656686011132
Prefoldin	5	1	15144	1586	0.424902354926381	0.507656686011132
Thiolase_C	5	1	15144	1586	0.424902354926381	0.507656686011132
Thiolase_N	5	1	15144	1586	0.424902354926381	0.507656686011132
Transket_pyr	5	1	15144	1586	0.424902354926381	0.507656686011132
zf-HC5HC2H_2	5	1	15144	1586	0.424902354926381	0.507656686011132
zf-Tim10_DDP	5	1	15144	1586	0.424902354926381	0.507656686011132
Acyl-CoA_dh_M	14	2	15144	1586	0.43953329123653	0.521572876139276
bZIP_2	14	2	15144	1586	0.43953329123653	0.521572876139276
DSPc	14	2	15144	1586	0.43953329123653	0.521572876139276
FYVE	14	2	15144	1586	0.43953329123653	0.521572876139276
PHD	23	3	15144	1586	0.438462133345344	0.521572876139276
TPR_8	23	3	15144	1586	0.438462133345344	0.521572876139276
HMG_box	24	3	15144	1586	0.466954655387475	0.553486365538374
2-Hacid_dh	6	1	15144	1586	0.485151041437165	0.56110633127628
2-Hacid_dh_C	6	1	15144	1586	0.485151041437165	0.56110633127628
Amidase	6	1	15144	1586	0.485151041437165	0.56110633127628
Cation_efflux	6	1	15144	1586	0.485151041437165	0.56110633127628
CS	6	1	15144	1586	0.485151041437165	0.56110633127628
Cullin	6	1	15144	1586	0.485151041437165	0.56110633127628
Cullin_Nedd8	6	1	15144	1586	0.485151041437165	0.56110633127628
DDE_Tnp_4	6	1	15144	1586	0.485151041437165	0.56110633127628
E1_dh	6	1	15144	1586	0.485151041437165	0.56110633127628
FAD_binding_1	6	1	15144	1586	0.485151041437165	0.56110633127628
FtsJ	6	1	15144	1586	0.485151041437165	0.56110633127628
Hairy_orange	6	1	15144	1586	0.485151041437165	0.56110633127628
IF-2B	6	1	15144	1586	0.485151041437165	0.56110633127628
Innexin	6	1	15144	1586	0.485151041437165	0.56110633127628
Insulin	6	1	15144	1586	0.485151041437165	0.56110633127628
IRK	6	1	15144	1586	0.485151041437165	0.56110633127628
Laminin_B	6	1	15144	1586	0.485151041437165	0.56110633127628
Laminin_N	6	1	15144	1586	0.485151041437165	0.56110633127628
SAM_PNT	6	1	15144	1586	0.485151041437165	0.56110633127628
SCP2	6	1	15144	1586	0.485151041437165	0.56110633127628
SNARE	6	1	15144	1586	0.485151041437165	0.56110633127628
UBX	6	1	15144	1586	0.485151041437165	0.56110633127628
ARID	7	1	15144	1586	0.539091485900149	0.614681487727453
FLYWCH	7	1	15144	1586	0.539091485900149	0.614681487727453
Gelsolin	7	1	15144	1586	0.539091485900149	0.614681487727453
His_Phos_2	7	1	15144	1586	0.539091485900149	0.614681487727453
JmjC	7	1	15144	1586	0.539091485900149	0.614681487727453
MFS_1_like	7	1	15144	1586	0.539091485900149	0.614681487727453
MIP	7	1	15144	1586	0.539091485900149	0.614681487727453
NHL	7	1	15144	1586	0.539091485900149	0.614681487727453
OS-D	7	1	15144	1586	0.539091485900149	0.614681487727453
PAP2	7	1	15144	1586	0.539091485900149	0.614681487727453
Reprolysin	7	1	15144	1586	0.539091485900149	0.614681487727453
Sulfatase	7	1	15144	1586	0.539091485900149	0.614681487727453
zf-LITAF-like	7	1	15144	1586	0.539091485900149	0.614681487727453
ABC_tran	56	6	15144	1586	0.540493159829795	0.615610558807226
LSM	17	2	15144	1586	0.544389206872573	0.619375572678231
zf-C3HC4_3	27	3	15144	1586	0.548130574851172	0.622956633823272
Histone	28	3	15144	1586	0.573527426539286	0.651115011298389
Acetyltransf_1	18	2	15144	1586	0.576167067306968	0.653404598491902
AAA_11	8	1	15144	1586	0.587383809568139	0.657594040807874
AAA_12	8	1	15144	1586	0.587383809568139	0.657594040807874
Cytochrom_B561	8	1	15144	1586	0.587383809568139	0.657594040807874
Ets	8	1	15144	1586	0.587383809568139	0.657594040807874
FA_hydroxylase	8	1	15144	1586	0.587383809568139	0.657594040807874
Fer2	8	1	15144	1586	0.587383809568139	0.657594040807874
HTH_psq	8	1	15144	1586	0.587383809568139	0.657594040807874
Lys	8	1	15144	1586	0.587383809568139	0.657594040807874
Peptidase_M16	8	1	15144	1586	0.587383809568139	0.657594040807874
ThiF	8	1	15144	1586	0.587383809568139	0.657594040807874
TPR_19	8	1	15144	1586	0.587383809568139	0.657594040807874
ZZ	8	1	15144	1586	0.587383809568139	0.657594040807874
Ldl_recept_a	30	3	15144	1586	0.621559251556689	0.695112638467982
FKBP_C	9	1	15144	1586	0.630619094849913	0.699280581921309
FXa_inhibition	9	1	15144	1586	0.630619094849913	0.699280581921309
LRR_9	9	1	15144	1586	0.630619094849913	0.699280581921309
Mpv17_PMP22	9	1	15144	1586	0.630619094849913	0.699280581921309
NAD_binding_1	9	1	15144	1586	0.630619094849913	0.699280581921309
Peptidase_M16_C	9	1	15144	1586	0.630619094849913	0.699280581921309
Sushi	9	1	15144	1586	0.630619094849913	0.699280581921309
TTL	9	1	15144	1586	0.630619094849913	0.699280581921309
ABC_membrane	20	2	15144	1586	0.634757784151436	0.703126626794991
5_nucleotid_C	10	1	15144	1586	0.669326601659826	0.728343988735641
ADH_N	10	1	15144	1586	0.669326601659826	0.728343988735641
Ald_Xan_dh_C	10	1	15144	1586	0.669326601659826	0.728343988735641
Ald_Xan_dh_C2	10	1	15144	1586	0.669326601659826	0.728343988735641
CO_deh_flav_C	10	1	15144	1586	0.669326601659826	0.728343988735641
FA_desaturase	10	1	15144	1586	0.669326601659826	0.728343988735641
FAD_binding_5	10	1	15144	1586	0.669326601659826	0.728343988735641
hEGF	10	1	15144	1586	0.669326601659826	0.728343988735641
Kinesin	21	2	15144	1586	0.661584764518795	0.728343988735641
Na_Ca_ex	10	1	15144	1586	0.669326601659826	0.728343988735641
PAS	10	1	15144	1586	0.669326601659826	0.728343988735641
Peptidase_S28	10	1	15144	1586	0.669326601659826	0.728343988735641
PID	10	1	15144	1586	0.669326601659826	0.728343988735641
Pkinase_C	10	1	15144	1586	0.669326601659826	0.728343988735641
RhoGAP	21	2	15144	1586	0.661584764518795	0.728343988735641
STAS	10	1	15144	1586	0.669326601659826	0.728343988735641
UCH	21	2	15144	1586	0.661584764518795	0.728343988735641
ubiquitin	22	2	15144	1586	0.686802711457454	0.746586574423699
AAA_5	11	1	15144	1586	0.703980229898727	0.757410524270527
Alk_phosphatase	11	1	15144	1586	0.703980229898727	0.757410524270527
CN_hydrolase	11	1	15144	1586	0.703980229898727	0.757410524270527
Fer2_2	11	1	15144	1586	0.703980229898727	0.757410524270527
FERM_C	11	1	15144	1586	0.703980229898727	0.757410524270527
NUDIX	11	1	15144	1586	0.703980229898727	0.757410524270527
Pyridoxal_deC	11	1	15144	1586	0.703980229898727	0.757410524270527
RasGEF	11	1	15144	1586	0.703980229898727	0.757410524270527
Sulfate_transp	11	1	15144	1586	0.703980229898727	0.757410524270527
zf-C3HC4	11	1	15144	1586	0.703980229898727	0.757410524270527
CRAL_TRIO	45	4	15144	1586	0.707550766563561	0.760472084144647
C1_1	23	2	15144	1586	0.710454195087179	0.762811106086439
adh_short	46	4	15144	1586	0.723949218638854	0.776505859255785
GST_C	24	2	15144	1586	0.732590516878061	0.784971861292223
DOMON	12	1	15144	1586	0.735004306775791	0.786754610007964
PDZ	59	5	15144	1586	0.753838132731887	0.806091948252548
7tm_2	13	1	15144	1586	0.762778769467676	0.8139928068887
RA	13	1	15144	1586	0.762778769467676	0.8139928068887
zf-MYND	38	3	15144	1586	0.775316394791774	0.826531400545296
Actin	14	1	15144	1586	0.787643806254687	0.83712092478335
TPR_16	14	1	15144	1586	0.787643806254687	0.83712092478335
TSP_1	14	1	15144	1586	0.787643806254687	0.83712092478335
EGF	27	2	15144	1586	0.790506968139824	0.838464923739813
LRR_6	27	2	15144	1586	0.790506968139824	0.838464923739813
GST_N_3	29	2	15144	1586	0.822692817263069	0.871721985160565
Aa_trans	16	1	15144	1586	0.829832113410238	0.877513998959012
Propep_M14	16	1	15144	1586	0.829832113410238	0.877513998959012
SH2	30	2	15144	1586	0.83705950052781	0.884265272964424
Acyltransferase	17	1	15144	1586	0.847672295068842	0.894575691677279
Alpha-amylase	18	1	15144	1586	0.863643190819541	0.907777261693084
Cyclin_N	18	1	15144	1586	0.863643190819541	0.907777261693084
SNF2_N	18	1	15144	1586	0.863643190819541	0.907777261693084
Sulfotransfer_1	18	1	15144	1586	0.863643190819541	0.907777261693084
Pkinase	160	13	15144	1586	0.86757920887642	0.911001591703068
ABC2_membrane	19	1	15144	1586	0.877940552935117	0.920039600428509
Forkhead	19	1	15144	1586	0.877940552935117	0.920039600428509
CUB	20	1	15144	1586	0.890739646028995	0.93066323574145
ELO	20	1	15144	1586	0.890739646028995	0.93066323574145
WW	20	1	15144	1586	0.890739646028995	0.93066323574145
HLH	49	3	15144	1586	0.899402815657097	0.938779655347557
Mito_carr	36	2	15144	1586	0.903147107835491	0.941750811251919
MFS_1	63	4	15144	1586	0.907711710257438	0.945570589930539
FERM_M	22	1	15144	1586	0.912454279563889	0.949567995300118
Acyl_transf_3	23	1	15144	1586	0.921636101585557	0.957224030260643
CLIP	23	1	15144	1586	0.921636101585557	0.957224030260643
BACK	24	1	15144	1586	0.929855474833709	0.962900684205884
ERAP1_C	24	1	15144	1586	0.929855474833709	0.962900684205884
GMC_oxred_N	24	1	15144	1586	0.929855474833709	0.962900684205884
GMC_oxred_C	25	1	15144	1586	0.937213227275094	0.968607561981846
JHBP	25	1	15144	1586	0.937213227275094	0.968607561981846
BTB	69	4	15144	1586	0.93987888616075	0.970406448408097
AMP-binding	26	1	15144	1586	0.943799629916915	0.97063314880671
Peptidase_M1	26	1	15144	1586	0.943799629916915	0.97063314880671
UQ_con	26	1	15144	1586	0.943799629916915	0.97063314880671
zf-C2H2_6	56	3	15144	1586	0.941948251252822	0.97063314880671
fn3	43	2	15144	1586	0.948420250566049	0.973476362860847
PH	43	2	15144	1586	0.948420250566049	0.973476362860847
Lig_chan	27	1	15144	1586	0.949695501523727	0.97383243509129
Metallophos	28	1	15144	1586	0.954973197798343	0.978287973135216
CBM_14	101	6	15144	1586	0.96047368959045	0.980094261070411
F-box-like	29	1	15144	1586	0.959697497103174	0.980094261070411
Lectin_C	29	1	15144	1586	0.959697497103174	0.980094261070411
Peptidase_M14	29	1	15144	1586	0.959697497103174	0.980094261070411
EF-hand_7	47	2	15144	1586	0.964331773929937	0.98307485991497
Cadherin	31	1	15144	1586	0.967711807050809	0.985562801549804
LIM	32	1	15144	1586	0.971100219279845	0.988054442312858
Pkinase_Tyr	53	2	15144	1586	0.979688346552432	0.995826623578974
C2	38	1	15144	1586	0.985143085723472	0.999434329713658
Chitin_bind_4	167	10	15144	1586	0.984786298844797	0.999434329713658
7tm_1	81	1	15144	1586	0.999874845287432	0.999999999999515
Ank_2	82	2	15144	1586	0.998807453313405	0.999999999999515
COesterase	51	1	15144	1586	0.996489094425702	0.999999999999515
Homeobox	87	2	15144	1586	0.999278335260077	0.999999999999515
I-set	91	1	15144	1586	0.999958874425555	0.999999999999515
Ig_3	95	1	15144	1586	0.999973655935485	0.999999999999515
Ion_trans	41	1	15144	1586	0.989348760937591	0.999999999999515
LRR_8	147	7	15144	1586	0.995929058479905	0.999999999999515
p450	114	5	15144	1586	0.994341976326576	0.999999999999515
PBP_GOBP	61	1	15144	1586	0.998843620677868	0.999999999999515
Sugar_tr	50	1	15144	1586	0.996076872317259	0.999999999999515
Trypsin	337	4	15144	1586	0.999999999999515	0.999999999999515
zf-AD	136	6	15144	1586	0.996816158816353	0.999999999999515
zf-C2H2	268	11	15144	1586	0.999963206702186	0.999999999999515
zf-met	43	1	15144	1586	0.991468391054785	0.999999999999515
