annot	freq_in_pop	freq_in_int	total_ano_in_pop	total_ano_in_int	pval	pval_adj
DHC_N2	13	9	15144	1890	3.21652352464135e-06	0.00302031558963823
AAA_7	12	8	15144	1890	1.80203469723099e-05	0.0033842211613998
AAA_9	12	8	15144	1890	1.80203469723099e-05	0.0033842211613998
Dynein_heavy	12	8	15144	1890	1.80203469723099e-05	0.0033842211613998
MT	12	8	15144	1890	1.80203469723099e-05	0.0033842211613998
AAA_6	11	7	15144	1890	9.73304749277428e-05	0.0130561879938786
AAA_8	11	7	15144	1890	9.73304749277428e-05	0.0130561879938786
DUF753	4	4	15144	1890	0.000241923093713271	0.0283957231245952
EcKinase	45	14	15144	1890	0.000815830251560719	0.0766064606215516
Homeobox	87	22	15144	1890	0.000811031571796234	0.0766064606215516
ARL2_Bind_BART	3	3	15144	1890	0.0019411539808758	0.130195970574456
DUF1126	3	3	15144	1890	0.0019411539808758	0.130195970574456
KIAA1430	3	3	15144	1890	0.0019411539808758	0.130195970574456
zf-MYND	38	12	15144	1890	0.00164057877641992	0.130195970574456
cNMP_binding	17	7	15144	1890	0.00290046406731673	0.181569050614028
Gal-bind_lectin	10	5	15144	1890	0.00440845112905909	0.258720975636655
AAA_5	11	5	15144	1890	0.00725782793350621	0.262119247290859
CLASP_N	4	3	15144	1890	0.00703884664236338	0.262119247290859
FMO-like	4	3	15144	1890	0.00703884664236338	0.262119247290859
OATP	7	4	15144	1890	0.00618916720524218	0.262119247290859
SGL	4	3	15144	1890	0.00703884664236338	0.262119247290859
SNF	19	7	15144	1890	0.00599988432659672	0.262119247290859
Solute_trans_a	4	3	15144	1890	0.00703884664236338	0.262119247290859
Tektin	4	3	15144	1890	0.00703884664236338	0.262119247290859
zf-LITAF-like	7	4	15144	1890	0.00618916720524218	0.262119247290859
zf-RING_2	23	8	15144	1890	0.00502204342185718	0.262119247290859
SET	40	11	15144	1890	0.00816431310733463	0.283936666955082
MFS_1	63	15	15144	1890	0.0093786382918088	0.314519334143159
BK_channel_a	2	2	15144	1890	0.0155683016834859	0.31779641914768
Chibby	2	2	15144	1890	0.0155683016834859	0.31779641914768
COE1_DBD	2	2	15144	1890	0.0155683016834859	0.31779641914768
Cytochrom_B561	8	4	15144	1890	0.0111620158534399	0.31779641914768
DHC_N1	8	4	15144	1890	0.0111620158534399	0.31779641914768
DUF4729	2	2	15144	1890	0.0155683016834859	0.31779641914768
Dynein_light	2	2	15144	1890	0.0155683016834859	0.31779641914768
EF-hand_7	47	12	15144	1890	0.0109394968182488	0.31779641914768
Gate	2	2	15144	1890	0.0155683016834859	0.31779641914768
Nrf1_DNA-bind	2	2	15144	1890	0.0155683016834859	0.31779641914768
NT-C2	2	2	15144	1890	0.0155683016834859	0.31779641914768
Nucleos_tra2_C	2	2	15144	1890	0.0155683016834859	0.31779641914768
Nucleos_tra2_N	2	2	15144	1890	0.0155683016834859	0.31779641914768
NYD-SP28	2	2	15144	1890	0.0155683016834859	0.31779641914768
SHIPPO-rpt	2	2	15144	1890	0.0155683016834859	0.31779641914768
TPH	2	2	15144	1890	0.0155683016834859	0.31779641914768
Tubulin	12	5	15144	1890	0.011177681262168	0.31779641914768
Tubulin_C	12	5	15144	1890	0.011177681262168	0.31779641914768
Carb_anhydrase	13	5	15144	1890	0.0163250144347277	0.326152947961901
2-oxogl_dehyd_N	1	1	15144	1890	0.124801901743264	0.331980129566359
AA_permease_C	4	2	15144	1890	0.0786063475350488	0.331980129566359
ABC2_membrane_3	11	4	15144	1890	0.0387101823463581	0.331980129566359
Acetyltransf_16	1	1	15144	1890	0.124801901743264	0.331980129566359
Acyltransferase	17	5	15144	1890	0.0514478528347355	0.331980129566359
ADH_N	10	4	15144	1890	0.0272729625598665	0.331980129566359
ADH_zinc_N	14	4	15144	1890	0.0868277003017487	0.331980129566359
ADP_PFK_GK	1	1	15144	1890	0.124801901743264	0.331980129566359
AFG1_ATPase	1	1	15144	1890	0.124801901743264	0.331980129566359
AI-2E_transport	1	1	15144	1890	0.124801901743264	0.331980129566359
AIF_C	1	1	15144	1890	0.124801901743264	0.331980129566359
AIP3	1	1	15144	1890	0.124801901743264	0.331980129566359
Ald_Xan_dh_C	10	3	15144	1890	0.119001041123069	0.331980129566359
Ald_Xan_dh_C2	10	3	15144	1890	0.119001041123069	0.331980129566359
ALG11_N	1	1	15144	1890	0.124801901743264	0.331980129566359
Allantoicase	1	1	15144	1890	0.124801901743264	0.331980129566359
Allatostatin	1	1	15144	1890	0.124801901743264	0.331980129566359
Alpha-mann_mid	5	2	15144	1890	0.120368237531961	0.331980129566359
AMOP	1	1	15144	1890	0.124801901743264	0.331980129566359
ANAPC2	1	1	15144	1890	0.124801901743264	0.331980129566359
ANF_receptor	20	5	15144	1890	0.0943689890341546	0.331980129566359
Anillin	1	1	15144	1890	0.124801901743264	0.331980129566359
AP_endonuc_2	1	1	15144	1890	0.124801901743264	0.331980129566359
ApoLp-III	1	1	15144	1890	0.124801901743264	0.331980129566359
ASC	27	7	15144	1890	0.0434878539524054	0.331980129566359
Asp_Arg_Hydrox	1	1	15144	1890	0.124801901743264	0.331980129566359
Asparaginase	1	1	15144	1890	0.124801901743264	0.331980129566359
ASXH	1	1	15144	1890	0.124801901743264	0.331980129566359
ATP-synt_C	5	2	15144	1890	0.120368237531961	0.331980129566359
Ax_dynein_light	1	1	15144	1890	0.124801901743264	0.331980129566359
B-block_TFIIIC	1	1	15144	1890	0.124801901743264	0.331980129566359
BBL5	1	1	15144	1890	0.124801901743264	0.331980129566359
BIR	9	3	15144	1890	0.0914826175541086	0.331980129566359
BORA_N	1	1	15144	1890	0.124801901743264	0.331980129566359
BPL_C	1	1	15144	1890	0.124801901743264	0.331980129566359
BTB_3	1	1	15144	1890	0.124801901743264	0.331980129566359
CALM_bind	1	1	15144	1890	0.124801901743264	0.331980129566359
CaM_bdg_C0	1	1	15144	1890	0.124801901743264	0.331980129566359
CAP_GLY	7	3	15144	1890	0.0460800045066568	0.331980129566359
CAP-ZIP_m	1	1	15144	1890	0.124801901743264	0.331980129566359
CBM_14	101	17	15144	1890	0.121759009608918	0.331980129566359
CCCAP	1	1	15144	1890	0.124801901743264	0.331980129566359
CCDC85	1	1	15144	1890	0.124801901743264	0.331980129566359
CDC37_C	1	1	15144	1890	0.124801901743264	0.331980129566359
CDC37_M	1	1	15144	1890	0.124801901743264	0.331980129566359
CDC37_N	1	1	15144	1890	0.124801901743264	0.331980129566359
Cecropin	4	2	15144	1890	0.0786063475350488	0.331980129566359
Ceramidase	1	1	15144	1890	0.124801901743264	0.331980129566359
CH	25	6	15144	1890	0.082442635732507	0.331980129566359
CH_2	1	1	15144	1890	0.124801901743264	0.331980129566359
Chromosome_seg	1	1	15144	1890	0.124801901743264	0.331980129566359
CK1gamma_C	1	1	15144	1890	0.124801901743264	0.331980129566359
CLIP	23	6	15144	1890	0.058172222358511	0.331980129566359
CLIP1_ZNF	1	1	15144	1890	0.124801901743264	0.331980129566359
Cnd3	1	1	15144	1890	0.124801901743264	0.331980129566359
Cnn_1N	1	1	15144	1890	0.124801901743264	0.331980129566359
CO_deh_flav_C	10	3	15144	1890	0.119001041123069	0.331980129566359
COE1_HLH	1	1	15144	1890	0.124801901743264	0.331980129566359
COG7	1	1	15144	1890	0.124801901743264	0.331980129566359
Comm	1	1	15144	1890	0.124801901743264	0.331980129566359
CRAL_TRIO	45	9	15144	1890	0.101020896971454	0.331980129566359
CTP_transf_1	1	1	15144	1890	0.124801901743264	0.331980129566359
CTP_transf_3	1	1	15144	1890	0.124801901743264	0.331980129566359
CTP_transf_like	5	2	15144	1890	0.120368237531961	0.331980129566359
Cul7	1	1	15144	1890	0.124801901743264	0.331980129566359
DBB	1	1	15144	1890	0.124801901743264	0.331980129566359
DLIC	3	2	15144	1890	0.0428225970887061	0.331980129566359
DM13	4	2	15144	1890	0.0786063475350488	0.331980129566359
DMAP1	1	1	15144	1890	0.124801901743264	0.331980129566359
Dna2	1	1	15144	1890	0.124801901743264	0.331980129566359
DNase_II	1	1	15144	1890	0.124801901743264	0.331980129566359
Dopey_N	1	1	15144	1890	0.124801901743264	0.331980129566359
DoxX_2	1	1	15144	1890	0.124801901743264	0.331980129566359
DPPIV_N	6	3	15144	1890	0.0289839313774791	0.331980129566359
Dpy-30	3	2	15144	1890	0.0428225970887061	0.331980129566359
DSPc	14	4	15144	1890	0.0868277003017487	0.331980129566359
DUF1074	1	1	15144	1890	0.124801901743264	0.331980129566359
DUF1295	1	1	15144	1890	0.124801901743264	0.331980129566359
DUF1358	1	1	15144	1890	0.124801901743264	0.331980129566359
DUF1431	1	1	15144	1890	0.124801901743264	0.331980129566359
DUF1619	1	1	15144	1890	0.124801901743264	0.331980129566359
DUF1907	1	1	15144	1890	0.124801901743264	0.331980129566359
DUF2052	1	1	15144	1890	0.124801901743264	0.331980129566359
DUF2228	1	1	15144	1890	0.124801901743264	0.331980129566359
DUF229	3	2	15144	1890	0.0428225970887061	0.331980129566359
DUF2371	1	1	15144	1890	0.124801901743264	0.331980129566359
DUF2475	1	1	15144	1890	0.124801901743264	0.331980129566359
DUF2870	1	1	15144	1890	0.124801901743264	0.331980129566359
DUF2967	1	1	15144	1890	0.124801901743264	0.331980129566359
DUF3657	1	1	15144	1890	0.124801901743264	0.331980129566359
DUF3668	1	1	15144	1890	0.124801901743264	0.331980129566359
DUF3695	1	1	15144	1890	0.124801901743264	0.331980129566359
DUF4042	1	1	15144	1890	0.124801901743264	0.331980129566359
DUF4200	1	1	15144	1890	0.124801901743264	0.331980129566359
DUF4207	1	1	15144	1890	0.124801901743264	0.331980129566359
DUF4210	1	1	15144	1890	0.124801901743264	0.331980129566359
DUF4414	1	1	15144	1890	0.124801901743264	0.331980129566359
DUF4464	1	1	15144	1890	0.124801901743264	0.331980129566359
DUF4470	1	1	15144	1890	0.124801901743264	0.331980129566359
DUF4471	1	1	15144	1890	0.124801901743264	0.331980129566359
DUF4485	1	1	15144	1890	0.124801901743264	0.331980129566359
DUF4490	1	1	15144	1890	0.124801901743264	0.331980129566359
DUF4497	1	1	15144	1890	0.124801901743264	0.331980129566359
DUF4612	1	1	15144	1890	0.124801901743264	0.331980129566359
DUF4736	1	1	15144	1890	0.124801901743264	0.331980129566359
DUF4746	1	1	15144	1890	0.124801901743264	0.331980129566359
DUF4770	1	1	15144	1890	0.124801901743264	0.331980129566359
DUF4771	1	1	15144	1890	0.124801901743264	0.331980129566359
DUF4773	4	2	15144	1890	0.0786063475350488	0.331980129566359
DUF4776	1	1	15144	1890	0.124801901743264	0.331980129566359
DUF4787	1	1	15144	1890	0.124801901743264	0.331980129566359
DUF4790	1	1	15144	1890	0.124801901743264	0.331980129566359
DUF4794	1	1	15144	1890	0.124801901743264	0.331980129566359
DUF4795	1	1	15144	1890	0.124801901743264	0.331980129566359
DUF4797	1	1	15144	1890	0.124801901743264	0.331980129566359
DUF4818	1	1	15144	1890	0.124801901743264	0.331980129566359
DUF676	1	1	15144	1890	0.124801901743264	0.331980129566359
DUF745	1	1	15144	1890	0.124801901743264	0.331980129566359
DUF758	1	1	15144	1890	0.124801901743264	0.331980129566359
Dzip-like_N	1	1	15144	1890	0.124801901743264	0.331980129566359
E1_DerP2_DerF2	16	5	15144	1890	0.0403332887220514	0.331980129566359
E3_UbLigase_R4	1	1	15144	1890	0.124801901743264	0.331980129566359
EF-hand_3	1	1	15144	1890	0.124801901743264	0.331980129566359
EF-hand_5	5	2	15144	1890	0.120368237531961	0.331980129566359
EloA-BP1	1	1	15144	1890	0.124801901743264	0.331980129566359
Enkurin	1	1	15144	1890	0.124801901743264	0.331980129566359
Ets	8	3	15144	1890	0.0670307976985869	0.331980129566359
F-box-like	29	8	15144	1890	0.0222818792380487	0.331980129566359
FAD_binding_5	10	3	15144	1890	0.119001041123069	0.331980129566359
FAM110_C	1	1	15144	1890	0.124801901743264	0.331980129566359
FAM92	1	1	15144	1890	0.124801901743264	0.331980129566359
FAP206	1	1	15144	1890	0.124801901743264	0.331980129566359
FIBP	1	1	15144	1890	0.124801901743264	0.331980129566359
Focal_AT	1	1	15144	1890	0.124801901743264	0.331980129566359
Forkhead_N	1	1	15144	1890	0.124801901743264	0.331980129566359
FR47	11	4	15144	1890	0.0387101823463581	0.331980129566359
Fringe	4	2	15144	1890	0.0786063475350488	0.331980129566359
Fuseless	1	1	15144	1890	0.124801901743264	0.331980129566359
GAF	4	2	15144	1890	0.0786063475350488	0.331980129566359
GAS	1	1	15144	1890	0.124801901743264	0.331980129566359
Gelsolin	7	3	15144	1890	0.0460800045066568	0.331980129566359
GFO_IDH_MocA	3	2	15144	1890	0.0428225970887061	0.331980129566359
GFO_IDH_MocA_C	1	1	15144	1890	0.124801901743264	0.331980129566359
GILT	5	2	15144	1890	0.120368237531961	0.331980129566359
Globin	3	2	15144	1890	0.0428225970887061	0.331980129566359
Gly_rich	1	1	15144	1890	0.124801901743264	0.331980129566359
Glyco_hydro_31	5	2	15144	1890	0.120368237531961	0.331980129566359
Glyco_hydro_38	5	2	15144	1890	0.120368237531961	0.331980129566359
Glyco_hydro_38C	5	2	15144	1890	0.120368237531961	0.331980129566359
Glyco_hydro_56	1	1	15144	1890	0.124801901743264	0.331980129566359
GRAM	5	2	15144	1890	0.120368237531961	0.331980129566359
GST_N_4	1	1	15144	1890	0.124801901743264	0.331980129566359
HAUS-augmin3	1	1	15144	1890	0.124801901743264	0.331980129566359
HECT	14	4	15144	1890	0.0868277003017487	0.331980129566359
Heme_oxygenase	1	1	15144	1890	0.124801901743264	0.331980129566359
HNF_C	1	1	15144	1890	0.124801901743264	0.331980129566359
HRM	4	2	15144	1890	0.0786063475350488	0.331980129566359
IFT57	1	1	15144	1890	0.124801901743264	0.331980129566359
Ins_P5_2-kin	1	1	15144	1890	0.124801901743264	0.331980129566359
JAKMIP_CC3	1	1	15144	1890	0.124801901743264	0.331980129566359
JUPITER	1	1	15144	1890	0.124801901743264	0.331980129566359
Kazal_2	9	4	15144	1890	0.0181271579875436	0.331980129566359
Kelch_3	4	2	15144	1890	0.0786063475350488	0.331980129566359
KOG2701	1	1	15144	1890	0.124801901743264	0.331980129566359
Ku_PK_bind	1	1	15144	1890	0.124801901743264	0.331980129566359
Lebercilin	1	1	15144	1890	0.124801901743264	0.331980129566359
LEM	4	2	15144	1890	0.0786063475350488	0.331980129566359
LIM	32	7	15144	1890	0.0956237442570338	0.331980129566359
LIX1	1	1	15144	1890	0.124801901743264	0.331980129566359
LRR_6	27	6	15144	1890	0.111502782757378	0.331980129566359
Macoilin	1	1	15144	1890	0.124801901743264	0.331980129566359
MAGE	1	1	15144	1890	0.124801901743264	0.331980129566359
Mak10	1	1	15144	1890	0.124801901743264	0.331980129566359
MANEC	1	1	15144	1890	0.124801901743264	0.331980129566359
Mannosyl_trans	1	1	15144	1890	0.124801901743264	0.331980129566359
Mannosyl_trans2	1	1	15144	1890	0.124801901743264	0.331980129566359
Meckelin	1	1	15144	1890	0.124801901743264	0.331980129566359
Med12	1	1	15144	1890	0.124801901743264	0.331980129566359
Med12-LCEWAV	1	1	15144	1890	0.124801901743264	0.331980129566359
Med23	1	1	15144	1890	0.124801901743264	0.331980129566359
Mem_trans	1	1	15144	1890	0.124801901743264	0.331980129566359
Metallothio_5	1	1	15144	1890	0.124801901743264	0.331980129566359
Methyltransf_PK	1	1	15144	1890	0.124801901743264	0.331980129566359
MIP	7	3	15144	1890	0.0460800045066568	0.331980129566359
MIP-T3	1	1	15144	1890	0.124801901743264	0.331980129566359
Mito_morph_reg	1	1	15144	1890	0.124801901743264	0.331980129566359
MORN	4	2	15144	1890	0.0786063475350488	0.331980129566359
MRNIP	1	1	15144	1890	0.124801901743264	0.331980129566359
MSC	1	1	15144	1890	0.124801901743264	0.331980129566359
MutS_III	4	2	15144	1890	0.0786063475350488	0.331980129566359
MutS_V	4	2	15144	1890	0.0786063475350488	0.331980129566359
Myosin_TH1	3	2	15144	1890	0.0428225970887061	0.331980129566359
Na_Ca_ex	10	3	15144	1890	0.119001041123069	0.331980129566359
Nebulin	1	1	15144	1890	0.124801901743264	0.331980129566359
Neur_chan_memb	21	6	15144	1890	0.0387730092312453	0.331980129566359
NPDC1	1	1	15144	1890	0.124801901743264	0.331980129566359
Nrf1_activ_bdg	1	1	15144	1890	0.124801901743264	0.331980129566359
NTPase_1	1	1	15144	1890	0.124801901743264	0.331980129566359
NYD-SP28_assoc	1	1	15144	1890	0.124801901743264	0.331980129566359
OAF	1	1	15144	1890	0.124801901743264	0.331980129566359
OHCU_decarbox	1	1	15144	1890	0.124801901743264	0.331980129566359
ORC3_N	1	1	15144	1890	0.124801901743264	0.331980129566359
OS-D	7	3	15144	1890	0.0460800045066568	0.331980129566359
p25-alpha	1	1	15144	1890	0.124801901743264	0.331980129566359
PaaSYMP	1	1	15144	1890	0.124801901743264	0.331980129566359
Pacs-1	1	1	15144	1890	0.124801901743264	0.331980129566359
PDCD7	1	1	15144	1890	0.124801901743264	0.331980129566359
PDDEXK_1	1	1	15144	1890	0.124801901743264	0.331980129566359
PDEase_I	8	3	15144	1890	0.0670307976985869	0.331980129566359
Peptidase_C14	17	5	15144	1890	0.0514478528347355	0.331980129566359
Peptidase_C50	1	1	15144	1890	0.124801901743264	0.331980129566359
Peptidase_C97	1	1	15144	1890	0.124801901743264	0.331980129566359
Peptidase_M17	5	2	15144	1890	0.120368237531961	0.331980129566359
Peptidase_M17_N	3	2	15144	1890	0.0428225970887061	0.331980129566359
Peptidase_M49	1	1	15144	1890	0.124801901743264	0.331980129566359
Peptidase_S9	7	3	15144	1890	0.0460800045066568	0.331980129566359
PHD_3	1	1	15144	1890	0.124801901743264	0.331980129566359
PhoLip_ATPase_C	5	2	15144	1890	0.120368237531961	0.331980129566359
Phtf-FEM1B_bdg	1	1	15144	1890	0.124801901743264	0.331980129566359
PI31_Prot_N	1	1	15144	1890	0.124801901743264	0.331980129566359
PID	10	3	15144	1890	0.119001041123069	0.331980129566359
PIH1	4	2	15144	1890	0.0786063475350488	0.331980129566359
Pkinase	160	29	15144	1890	0.0241975774941674	0.331980129566359
Pkinase_Tyr	53	12	15144	1890	0.0277056506616028	0.331980129566359
PNP_UDP_1	4	2	15144	1890	0.0786063475350488	0.331980129566359
Pou	4	2	15144	1890	0.0786063475350488	0.331980129566359
PQ-loop	8	3	15144	1890	0.0670307976985869	0.331980129566359
Pr_beta_C	1	1	15144	1890	0.124801901743264	0.331980129566359
PSS	1	1	15144	1890	0.124801901743264	0.331980129566359
PTCB-BRCT	5	2	15144	1890	0.120368237531961	0.331980129566359
Rad1	1	1	15144	1890	0.124801901743264	0.331980129566359
Radial_spoke_3	1	1	15144	1890	0.124801901743264	0.331980129566359
RCC1	12	4	15144	1890	0.0524764328884532	0.331980129566359
Reprolysin_2	1	1	15144	1890	0.124801901743264	0.331980129566359
REV1_C	1	1	15144	1890	0.124801901743264	0.331980129566359
RIB43A	1	1	15144	1890	0.124801901743264	0.331980129566359
Ribonucleas_3_3	1	1	15144	1890	0.124801901743264	0.331980129566359
RIIa	1	1	15144	1890	0.124801901743264	0.331980129566359
RINGv	5	2	15144	1890	0.120368237531961	0.331980129566359
RNA_bind	1	1	15144	1890	0.124801901743264	0.331980129566359
RNA_GG_bind	1	1	15144	1890	0.124801901743264	0.331980129566359
RPAP1_C	1	1	15144	1890	0.124801901743264	0.331980129566359
RPAP1_N	1	1	15144	1890	0.124801901743264	0.331980129566359
RPAP3_C	1	1	15144	1890	0.124801901743264	0.331980129566359
SANT_DAMP1_like	1	1	15144	1890	0.124801901743264	0.331980129566359
Sarcoglycan_2	1	1	15144	1890	0.124801901743264	0.331980129566359
SCAPER_N	1	1	15144	1890	0.124801901743264	0.331980129566359
Secretogranin_V	1	1	15144	1890	0.124801901743264	0.331980129566359
SelR	1	1	15144	1890	0.124801901743264	0.331980129566359
Spaetzle	5	2	15144	1890	0.120368237531961	0.331980129566359
SPARC_Ca_bdg	3	2	15144	1890	0.0428225970887061	0.331980129566359
Spec3	1	1	15144	1890	0.124801901743264	0.331980129566359
STAS	10	3	15144	1890	0.119001041123069	0.331980129566359
Stathmin	1	1	15144	1890	0.124801901743264	0.331980129566359
Sugar_tr	50	10	15144	1890	0.0868212488751743	0.331980129566359
Sulfate_transp	11	4	15144	1890	0.0387101823463581	0.331980129566359
SVIP	1	1	15144	1890	0.124801901743264	0.331980129566359
SVWC	3	2	15144	1890	0.0428225970887061	0.331980129566359
TAN	1	1	15144	1890	0.124801901743264	0.331980129566359
TANGO2	1	1	15144	1890	0.124801901743264	0.331980129566359
TBCA	1	1	15144	1890	0.124801901743264	0.331980129566359
Tctex-1	5	2	15144	1890	0.120368237531961	0.331980129566359
THEG	1	1	15144	1890	0.124801901743264	0.331980129566359
Thyroglobulin_1	6	3	15144	1890	0.0289839313774791	0.331980129566359
TIP49	1	1	15144	1890	0.124801901743264	0.331980129566359
TM231	1	1	15144	1890	0.124801901743264	0.331980129566359
Tmem26	1	1	15144	1890	0.124801901743264	0.331980129566359
TMEM65	1	1	15144	1890	0.124801901743264	0.331980129566359
TORC_M	1	1	15144	1890	0.124801901743264	0.331980129566359
Tox-SGS	1	1	15144	1890	0.124801901743264	0.331980129566359
Toxin_9	1	1	15144	1890	0.124801901743264	0.331980129566359
TP6A_N	1	1	15144	1890	0.124801901743264	0.331980129566359
TPR_16	14	4	15144	1890	0.0868277003017487	0.331980129566359
TraB	1	1	15144	1890	0.124801901743264	0.331980129566359
Transglut_core	4	2	15144	1890	0.0786063475350488	0.331980129566359
Transglut_N	3	2	15144	1890	0.0428225970887061	0.331980129566359
TTL	9	4	15144	1890	0.0181271579875436	0.331980129566359
Tubulin-binding	1	1	15144	1890	0.124801901743264	0.331980129566359
UCH	21	5	15144	1890	0.111742732722564	0.331980129566359
UFD1	1	1	15144	1890	0.124801901743264	0.331980129566359
UPF0193	1	1	15144	1890	0.124801901743264	0.331980129566359
Use1	1	1	15144	1890	0.124801901743264	0.331980129566359
Uso1_p115_C	1	1	15144	1890	0.124801901743264	0.331980129566359
Uso1_p115_head	1	1	15144	1890	0.124801901743264	0.331980129566359
VASP_tetra	1	1	15144	1890	0.124801901743264	0.331980129566359
VCBS	1	1	15144	1890	0.124801901743264	0.331980129566359
Vg_Tdu	1	1	15144	1890	0.124801901743264	0.331980129566359
VGCC_alpha2	3	2	15144	1890	0.0428225970887061	0.331980129566359
VHL	1	1	15144	1890	0.124801901743264	0.331980129566359
VHL_C	1	1	15144	1890	0.124801901743264	0.331980129566359
VHS	4	2	15144	1890	0.0786063475350488	0.331980129566359
VPS11_C	1	1	15144	1890	0.124801901743264	0.331980129566359
VWA	5	2	15144	1890	0.120368237531961	0.331980129566359
VWA_N	3	2	15144	1890	0.0428225970887061	0.331980129566359
WD40_3	1	1	15144	1890	0.124801901743264	0.331980129566359
wnt	8	3	15144	1890	0.0670307976985869	0.331980129566359
Xan_ur_permease	1	1	15144	1890	0.124801901743264	0.331980129566359
XLF	1	1	15144	1890	0.124801901743264	0.331980129566359
Yippee-Mis18	3	2	15144	1890	0.0428225970887061	0.331980129566359
zf-A20	3	2	15144	1890	0.0428225970887061	0.331980129566359
zf-CHY	1	1	15144	1890	0.124801901743264	0.331980129566359
zf-CpG_bind_C	1	1	15144	1890	0.124801901743264	0.331980129566359
zf-SNAP50_C	1	1	15144	1890	0.124801901743264	0.331980129566359
zf-UBR	5	2	15144	1890	0.120368237531961	0.331980129566359
zinc_ribbon_6	1	1	15144	1890	0.124801901743264	0.331980129566359
ZU5	5	2	15144	1890	0.120368237531961	0.331980129566359
Neur_chan_LBD	28	6	15144	1890	0.127740520275215	0.338837142763917
7tm_1	81	14	15144	1890	0.128252011800266	0.339235603043521
Ank_4	16	4	15144	1890	0.129485529388375	0.341536269931698
Abhydrolase_1	22	5	15144	1890	0.130529333567752	0.342366045307596
EGF_CA	22	5	15144	1890	0.130529333567752	0.342366045307596
Ion_trans	41	8	15144	1890	0.131453444926434	0.343829484083348
Fer2_2	11	3	15144	1890	0.149110113164336	0.387851513189229
Ninjurin	11	3	15144	1890	0.149110113164336	0.387851513189229
SSF	17	4	15144	1890	0.15349712217411	0.39815966221406
2-Hacid_dh	6	2	15144	1890	0.166060390609202	0.414709326547979
2-Hacid_dh_C	6	2	15144	1890	0.166060390609202	0.414709326547979
adh_short_C2	6	2	15144	1890	0.166060390609202	0.414709326547979
Cullin	6	2	15144	1890	0.166060390609202	0.414709326547979
DUF3421	6	2	15144	1890	0.166060390609202	0.414709326547979
FH2	6	2	15144	1890	0.166060390609202	0.414709326547979
G-alpha	6	2	15144	1890	0.166060390609202	0.414709326547979
Glyco_hydro_16	6	2	15144	1890	0.166060390609202	0.414709326547979
GPHH	6	2	15144	1890	0.166060390609202	0.414709326547979
Kelch_4	6	2	15144	1890	0.166060390609202	0.414709326547979
PA	6	2	15144	1890	0.166060390609202	0.414709326547979
PH	43	8	15144	1890	0.160623965712749	0.414709326547979
Vps4_C	6	2	15144	1890	0.166060390609202	0.414709326547979
WH2	6	2	15144	1890	0.166060390609202	0.414709326547979
3HCDH_N	2	1	15144	1890	0.234035501803043	0.426717157656421
7tm_2	13	3	15144	1890	0.215154622906154	0.426717157656421
Acylphosphatase	2	1	15144	1890	0.234035501803043	0.426717157656421
Acyltransf_C	2	1	15144	1890	0.234035501803043	0.426717157656421
adh_short	46	8	15144	1890	0.209375983878658	0.426717157656421
Aldose_epim	2	1	15144	1890	0.234035501803043	0.426717157656421
ALIX_LYPXL_bnd	2	1	15144	1890	0.234035501803043	0.426717157656421
Alpha-amylase	18	4	15144	1890	0.179018835955951	0.426717157656421
Ammonium_transp	2	1	15144	1890	0.234035501803043	0.426717157656421
ANAPC10	2	1	15144	1890	0.234035501803043	0.426717157656421
Arf	13	3	15144	1890	0.215154622906154	0.426717157656421
ASD2	2	1	15144	1890	0.234035501803043	0.426717157656421
B12D	2	1	15144	1890	0.234035501803043	0.426717157656421
B56	2	1	15144	1890	0.234035501803043	0.426717157656421
BACK	24	5	15144	1890	0.171926059186272	0.426717157656421
BolA	2	1	15144	1890	0.234035501803043	0.426717157656421
Borealin	2	1	15144	1890	0.234035501803043	0.426717157656421
BPL_LplA_LipB	2	1	15144	1890	0.234035501803043	0.426717157656421
CAF1	2	1	15144	1890	0.234035501803043	0.426717157656421
Calreticulin	2	1	15144	1890	0.234035501803043	0.426717157656421
CAP	20	4	15144	1890	0.233690568855735	0.426717157656421
Casc1	2	1	15144	1890	0.234035501803043	0.426717157656421
Casc1_N	2	1	15144	1890	0.234035501803043	0.426717157656421
CDC50	2	1	15144	1890	0.234035501803043	0.426717157656421
CEBP_ZZ	2	1	15144	1890	0.234035501803043	0.426717157656421
ChaC	2	1	15144	1890	0.234035501803043	0.426717157656421
COesterase	51	9	15144	1890	0.179266704844871	0.426717157656421
Complex1_49kDa	2	1	15144	1890	0.234035501803043	0.426717157656421
COQ7	2	1	15144	1890	0.234035501803043	0.426717157656421
COX6A	2	1	15144	1890	0.234035501803043	0.426717157656421
DC_STAMP	2	1	15144	1890	0.234035501803043	0.426717157656421
dCache_1	2	1	15144	1890	0.234035501803043	0.426717157656421
DCX	2	1	15144	1890	0.234035501803043	0.426717157656421
Death	7	2	15144	1890	0.214052545050219	0.426717157656421
Defensin_2	2	1	15144	1890	0.234035501803043	0.426717157656421
Deltameth_res	2	1	15144	1890	0.234035501803043	0.426717157656421
DIRP	2	1	15144	1890	0.234035501803043	0.426717157656421
DMA	2	1	15144	1890	0.234035501803043	0.426717157656421
DSHCT	2	1	15144	1890	0.234035501803043	0.426717157656421
DUF2236	2	1	15144	1890	0.234035501803043	0.426717157656421
DUF2367	2	1	15144	1890	0.234035501803043	0.426717157656421
DUF3398	2	1	15144	1890	0.234035501803043	0.426717157656421
DUF4203	2	1	15144	1890	0.234035501803043	0.426717157656421
DUF4704	2	1	15144	1890	0.234035501803043	0.426717157656421
DUF4786	2	1	15144	1890	0.234035501803043	0.426717157656421
DUF4800	2	1	15144	1890	0.234035501803043	0.426717157656421
DUF4802	2	1	15144	1890	0.234035501803043	0.426717157656421
DUF667	2	1	15144	1890	0.234035501803043	0.426717157656421
DUF725	2	1	15144	1890	0.234035501803043	0.426717157656421
DUF89	2	1	15144	1890	0.234035501803043	0.426717157656421
DUSP	2	1	15144	1890	0.234035501803043	0.426717157656421
Dynamin_M	2	1	15144	1890	0.234035501803043	0.426717157656421
EB1	2	1	15144	1890	0.234035501803043	0.426717157656421
ELFV_dehydrog	2	1	15144	1890	0.234035501803043	0.426717157656421
ELFV_dehydrog_N	2	1	15144	1890	0.234035501803043	0.426717157656421
Engrail_1_C_sig	2	1	15144	1890	0.234035501803043	0.426717157656421
EST1	2	1	15144	1890	0.234035501803043	0.426717157656421
EST1_DNA_bind	2	1	15144	1890	0.234035501803043	0.426717157656421
FeS_assembly_P	2	1	15144	1890	0.234035501803043	0.426717157656421
FF	2	1	15144	1890	0.234035501803043	0.426717157656421
FHA	18	4	15144	1890	0.179018835955951	0.426717157656421
GAS2	2	1	15144	1890	0.234035501803043	0.426717157656421
GAT	2	1	15144	1890	0.234035501803043	0.426717157656421
GED	2	1	15144	1890	0.234035501803043	0.426717157656421
Gln-synt_C	2	1	15144	1890	0.234035501803043	0.426717157656421
Gln-synt_N	2	1	15144	1890	0.234035501803043	0.426717157656421
GLTP	2	1	15144	1890	0.234035501803043	0.426717157656421
Glyco_tran_10_N	2	1	15144	1890	0.234035501803043	0.426717157656421
Glyco_transf_10	2	1	15144	1890	0.234035501803043	0.426717157656421
Glypican	2	1	15144	1890	0.234035501803043	0.426717157656421
GpcrRhopsn4	2	1	15144	1890	0.234035501803043	0.426717157656421
HD_3	2	1	15144	1890	0.234035501803043	0.426717157656421
IF4E	2	1	15144	1890	0.234035501803043	0.426717157656421
IFRD	2	1	15144	1890	0.234035501803043	0.426717157656421
IFRD_C	2	1	15144	1890	0.234035501803043	0.426717157656421
Integrin_b_cyt	2	1	15144	1890	0.234035501803043	0.426717157656421
Integrin_beta	2	1	15144	1890	0.234035501803043	0.426717157656421
Ion_trans_2	12	3	15144	1890	0.181321339922964	0.426717157656421
Kelch_1	13	3	15144	1890	0.215154622906154	0.426717157656421
Kringle	2	1	15144	1890	0.234035501803043	0.426717157656421
Ku	2	1	15144	1890	0.234035501803043	0.426717157656421
Ku_C	2	1	15144	1890	0.234035501803043	0.426717157656421
Ku_N	2	1	15144	1890	0.234035501803043	0.426717157656421
Laminin_G_2	25	5	15144	1890	0.194296915049714	0.426717157656421
Lipid_DES	2	1	15144	1890	0.234035501803043	0.426717157656421
LRR_4	12	3	15144	1890	0.181321339922964	0.426717157656421
Lung_7-TM_R	2	1	15144	1890	0.234035501803043	0.426717157656421
MAM	2	1	15144	1890	0.234035501803043	0.426717157656421
Meis_PKNOX_N	2	1	15144	1890	0.234035501803043	0.426717157656421
Melibiase_2	2	1	15144	1890	0.234035501803043	0.426717157656421
Melibiase_2_C	2	1	15144	1890	0.234035501803043	0.426717157656421
Methyltransf_31	2	1	15144	1890	0.234035501803043	0.426717157656421
Methyltransf_FA	12	3	15144	1890	0.181321339922964	0.426717157656421
MFS_1_like	7	2	15144	1890	0.214052545050219	0.426717157656421
Mod_r	2	1	15144	1890	0.234035501803043	0.426717157656421
Motile_Sperm	2	1	15144	1890	0.234035501803043	0.426717157656421
Myotub-related	7	2	15144	1890	0.214052545050219	0.426717157656421
Na_sulph_symp	2	1	15144	1890	0.234035501803043	0.426717157656421
NDUFV3	2	1	15144	1890	0.234035501803043	0.426717157656421
NIDO	2	1	15144	1890	0.234035501803043	0.426717157656421
NO_synthase	2	1	15144	1890	0.234035501803043	0.426717157656421
OxoGdeHyase_C	2	1	15144	1890	0.234035501803043	0.426717157656421
PAP2	7	2	15144	1890	0.214052545050219	0.426717157656421
ParcG	2	1	15144	1890	0.234035501803043	0.426717157656421
Pentaxin	2	1	15144	1890	0.234035501803043	0.426717157656421
Peptidase_C54	2	1	15144	1890	0.234035501803043	0.426717157656421
PI3K_rbd	2	1	15144	1890	0.234035501803043	0.426717157656421
PIG-F	2	1	15144	1890	0.234035501803043	0.426717157656421
PLDc	2	1	15144	1890	0.234035501803043	0.426717157656421
Prominin	2	1	15144	1890	0.234035501803043	0.426717157656421
PSI_integrin	2	1	15144	1890	0.234035501803043	0.426717157656421
PX	18	4	15144	1890	0.179018835955951	0.426717157656421
Ribosomal_L37e	2	1	15144	1890	0.234035501803043	0.426717157656421
RRM_7	2	1	15144	1890	0.234035501803043	0.426717157656421
rRNA_proc-arch	2	1	15144	1890	0.234035501803043	0.426717157656421
Runt	2	1	15144	1890	0.234035501803043	0.426717157656421
S10_plectin	2	1	15144	1890	0.234035501803043	0.426717157656421
SBF2	2	1	15144	1890	0.234035501803043	0.426717157656421
SMC_N	7	2	15144	1890	0.214052545050219	0.426717157656421
SPRY	12	3	15144	1890	0.181321339922964	0.426717157656421
STAT_alpha	2	1	15144	1890	0.234035501803043	0.426717157656421
STAT_bind	2	1	15144	1890	0.234035501803043	0.426717157656421
STAT_int	2	1	15144	1890	0.234035501803043	0.426717157656421
Staufen_C	2	1	15144	1890	0.234035501803043	0.426717157656421
STPPase_N	2	1	15144	1890	0.234035501803043	0.426717157656421
SUZ-C	2	1	15144	1890	0.234035501803043	0.426717157656421
TB2_DP1_HVA22	2	1	15144	1890	0.234035501803043	0.426717157656421
Tcp11	2	1	15144	1890	0.234035501803043	0.426717157656421
Transglut_C	2	1	15144	1890	0.234035501803043	0.426717157656421
tRNA_int_endo	2	1	15144	1890	0.234035501803043	0.426717157656421
Trypsin	337	47	15144	1890	0.226789516358561	0.426717157656421
Tub	2	1	15144	1890	0.234035501803043	0.426717157656421
Ubiquitin_2	2	1	15144	1890	0.234035501803043	0.426717157656421
V-set	20	4	15144	1890	0.233690568855735	0.426717157656421
vATP-synt_AC39	2	1	15144	1890	0.234035501803043	0.426717157656421
WAC_Acf1_DNA_bd	2	1	15144	1890	0.234035501803043	0.426717157656421
zf-C2HC_2	2	1	15144	1890	0.234035501803043	0.426717157656421
zf-CXXC	2	1	15144	1890	0.234035501803043	0.426717157656421
zf-NF-X1	2	1	15144	1890	0.234035501803043	0.426717157656421
Lig_chan	27	5	15144	1890	0.24172340772138	0.439029554836317
zf-C3HC4_3	27	5	15144	1890	0.24172340772138	0.439029554836317
Arrestin_C	14	3	15144	1890	0.250152874525537	0.45171836380669
Arrestin_N	14	3	15144	1890	0.250152874525537	0.45171836380669
CD36	14	3	15144	1890	0.250152874525537	0.45171836380669
Band_7	8	2	15144	1890	0.26305979416743	0.468715648431152
Cation_ATPase	8	2	15144	1890	0.26305979416743	0.468715648431152
Ig_2	8	2	15144	1890	0.26305979416743	0.468715648431152
Kinesin	21	4	15144	1890	0.262384177357657	0.468715648431152
MBOAT	8	2	15144	1890	0.26305979416743	0.468715648431152
Spectrin	8	2	15144	1890	0.26305979416743	0.468715648431152
ZZ	8	2	15144	1890	0.26305979416743	0.468715648431152
Ras	57	9	15144	1890	0.277296111032964	0.49314592473476
3HCDH	3	1	15144	1890	0.329641954160212	0.493674314125102
4HBT_2	3	1	15144	1890	0.329641954160212	0.493674314125102
7tm_3	9	2	15144	1890	0.312081844628378	0.493674314125102
Acyl_transf_3	23	4	15144	1890	0.321381405887949	0.493674314125102
Aldo_ket_red	15	3	15144	1890	0.285891725851472	0.493674314125102
Ank	23	4	15144	1890	0.321381405887949	0.493674314125102
Ank_5	9	2	15144	1890	0.312081844628378	0.493674314125102
ATP-synt_Eps	3	1	15144	1890	0.329641954160212	0.493674314125102
Autophagy_act_C	3	1	15144	1890	0.329641954160212	0.493674314125102
B9-C2	3	1	15144	1890	0.329641954160212	0.493674314125102
Band_3_cyto	3	1	15144	1890	0.329641954160212	0.493674314125102
BRO1	3	1	15144	1890	0.329641954160212	0.493674314125102
BSD	3	1	15144	1890	0.329641954160212	0.493674314125102
bZIP_Maf	3	1	15144	1890	0.329641954160212	0.493674314125102
C_tripleX	3	1	15144	1890	0.329641954160212	0.493674314125102
Ceramidase_alk	3	1	15144	1890	0.329641954160212	0.493674314125102
Ceramidse_alk_C	3	1	15144	1890	0.329641954160212	0.493674314125102
CHGN	3	1	15144	1890	0.329641954160212	0.493674314125102
Choline_transpo	3	1	15144	1890	0.329641954160212	0.493674314125102
Cullin_binding	3	1	15144	1890	0.329641954160212	0.493674314125102
DEAD_2	3	1	15144	1890	0.329641954160212	0.493674314125102
DM	3	1	15144	1890	0.329641954160212	0.493674314125102
DnaJ_C	9	2	15144	1890	0.312081844628378	0.493674314125102
dsrm	9	2	15144	1890	0.312081844628378	0.493674314125102
DUF1736	3	1	15144	1890	0.329641954160212	0.493674314125102
DUF3585	3	1	15144	1890	0.329641954160212	0.493674314125102
DUF829	3	1	15144	1890	0.329641954160212	0.493674314125102
EF-hand_2	3	1	15144	1890	0.329641954160212	0.493674314125102
EF-hand_like	3	1	15144	1890	0.329641954160212	0.493674314125102
EMP70	3	1	15144	1890	0.329641954160212	0.493674314125102
FAD_binding_8	3	1	15144	1890	0.329641954160212	0.493674314125102
FAO_M	3	1	15144	1890	0.329641954160212	0.493674314125102
Ferric_reduct	3	1	15144	1890	0.329641954160212	0.493674314125102
FXa_inhibition	9	2	15144	1890	0.312081844628378	0.493674314125102
GalKase_gal_bdg	3	1	15144	1890	0.329641954160212	0.493674314125102
Glyco_transf_43	3	1	15144	1890	0.329641954160212	0.493674314125102
Glyco_transf_49	3	1	15144	1890	0.329641954160212	0.493674314125102
GST_C_6	3	1	15144	1890	0.329641954160212	0.493674314125102
HCO3_cotransp	3	1	15144	1890	0.329641954160212	0.493674314125102
HEAT	3	1	15144	1890	0.329641954160212	0.493674314125102
Helicase_C_2	3	1	15144	1890	0.329641954160212	0.493674314125102
Hemocyanin_M	16	3	15144	1890	0.321985463496802	0.493674314125102
Hemopexin	3	1	15144	1890	0.329641954160212	0.493674314125102
HYR	3	1	15144	1890	0.329641954160212	0.493674314125102
IMS	3	1	15144	1890	0.329641954160212	0.493674314125102
IMS_C	3	1	15144	1890	0.329641954160212	0.493674314125102
IPK	3	1	15144	1890	0.329641954160212	0.493674314125102
Kinesin_assoc	3	1	15144	1890	0.329641954160212	0.493674314125102
LRR_9	9	2	15144	1890	0.312081844628378	0.493674314125102
MAP65_ASE1	3	1	15144	1890	0.329641954160212	0.493674314125102
MAPEG	3	1	15144	1890	0.329641954160212	0.493674314125102
Methyltransf_32	3	1	15144	1890	0.329641954160212	0.493674314125102
Mpv17_PMP22	9	2	15144	1890	0.312081844628378	0.493674314125102
Myb_DNA-bind_4	9	2	15144	1890	0.312081844628378	0.493674314125102
NAD_binding_6	3	1	15144	1890	0.329641954160212	0.493674314125102
NAP	3	1	15144	1890	0.329641954160212	0.493674314125102
NDK	3	1	15144	1890	0.329641954160212	0.493674314125102
Neuralized	3	1	15144	1890	0.329641954160212	0.493674314125102
P_proprotein	3	1	15144	1890	0.329641954160212	0.493674314125102
PALP	3	1	15144	1890	0.329641954160212	0.493674314125102
PAM2	3	1	15144	1890	0.329641954160212	0.493674314125102
PARP	3	1	15144	1890	0.329641954160212	0.493674314125102
Peptidase_M10	3	1	15144	1890	0.329641954160212	0.493674314125102
PG_binding_1	3	1	15144	1890	0.329641954160212	0.493674314125102
PH_9	3	1	15144	1890	0.329641954160212	0.493674314125102
PI3K_C2	3	1	15144	1890	0.329641954160212	0.493674314125102
PLDc_2	3	1	15144	1890	0.329641954160212	0.493674314125102
Porin_3	3	1	15144	1890	0.329641954160212	0.493674314125102
Pre-SET	3	1	15144	1890	0.329641954160212	0.493674314125102
RabGAP-TBC	23	4	15144	1890	0.321381405887949	0.493674314125102
ResIII	3	1	15144	1890	0.329641954160212	0.493674314125102
RFX_DNA_binding	3	1	15144	1890	0.329641954160212	0.493674314125102
Ribonuclease_3	3	1	15144	1890	0.329641954160212	0.493674314125102
RNase_Zc3h12a	3	1	15144	1890	0.329641954160212	0.493674314125102
Robl_LC7	3	1	15144	1890	0.329641954160212	0.493674314125102
S8_pro-domain	3	1	15144	1890	0.329641954160212	0.493674314125102
Scramblase	3	1	15144	1890	0.329641954160212	0.493674314125102
SDF	3	1	15144	1890	0.329641954160212	0.493674314125102
Sds3	3	1	15144	1890	0.329641954160212	0.493674314125102
Sec23_BS	3	1	15144	1890	0.329641954160212	0.493674314125102
Sec23_helical	3	1	15144	1890	0.329641954160212	0.493674314125102
Sec23_trunk	3	1	15144	1890	0.329641954160212	0.493674314125102
SHR-BD	3	1	15144	1890	0.329641954160212	0.493674314125102
Sushi	9	2	15144	1890	0.312081844628378	0.493674314125102
TFIIB	3	1	15144	1890	0.329641954160212	0.493674314125102
TGFb_propeptide	3	1	15144	1890	0.329641954160212	0.493674314125102
Tim44	3	1	15144	1890	0.329641954160212	0.493674314125102
TMC	3	1	15144	1890	0.329641954160212	0.493674314125102
TPR_6	3	1	15144	1890	0.329641954160212	0.493674314125102
TRP_2	3	1	15144	1890	0.329641954160212	0.493674314125102
UBA	9	2	15144	1890	0.312081844628378	0.493674314125102
Voltage_CLC	3	1	15144	1890	0.329641954160212	0.493674314125102
VPS13	3	1	15144	1890	0.329641954160212	0.493674314125102
WIF	3	1	15144	1890	0.329641954160212	0.493674314125102
WSC	3	1	15144	1890	0.329641954160212	0.493674314125102
Y_phosphatase	16	3	15144	1890	0.321985463496802	0.493674314125102
zf-C2HC	3	1	15144	1890	0.329641954160212	0.493674314125102
zf-CCHH	3	1	15144	1890	0.329641954160212	0.493674314125102
zf-Sec23_Sec24	3	1	15144	1890	0.329641954160212	0.493674314125102
HMG_box	24	4	15144	1890	0.351272475228284	0.525230659616813
Amino_oxidase	10	2	15144	1890	0.360352045504705	0.537096144014156
PP2C	10	2	15144	1890	0.360352045504705	0.537096144014156
2OG-FeII_Oxy_3	4	1	15144	1890	0.413320489701933	0.558428690403043
A2M_N	11	2	15144	1890	0.407294697135899	0.558428690403043
ADH_zinc_N_2	4	1	15144	1890	0.413320489701933	0.558428690403043
Alk_phosphatase	11	2	15144	1890	0.407294697135899	0.558428690403043
ATP-gua_Ptrans	4	1	15144	1890	0.413320489701933	0.558428690403043
ATP-gua_PtransN	4	1	15144	1890	0.413320489701933	0.558428690403043
BAR	4	1	15144	1890	0.413320489701933	0.558428690403043
Bax1-I	4	1	15144	1890	0.413320489701933	0.558428690403043
BRCT_2	4	1	15144	1890	0.413320489701933	0.558428690403043
Ca_chan_IQ	4	1	15144	1890	0.413320489701933	0.558428690403043
Clathrin	4	1	15144	1890	0.413320489701933	0.558428690403043
CSD	4	1	15144	1890	0.413320489701933	0.558428690403043
CUE	4	1	15144	1890	0.413320489701933	0.558428690403043
dCMP_cyt_deam_1	4	1	15144	1890	0.413320489701933	0.558428690403043
DDT	4	1	15144	1890	0.413320489701933	0.558428690403043
DHR-2	4	1	15144	1890	0.413320489701933	0.558428690403043
DNA_photolyase	4	1	15144	1890	0.413320489701933	0.558428690403043
DOCK-C2	4	1	15144	1890	0.413320489701933	0.558428690403043
EF-hand_1	4	1	15144	1890	0.413320489701933	0.558428690403043
EF-hand_8	11	2	15144	1890	0.407294697135899	0.558428690403043
FAT	4	1	15144	1890	0.413320489701933	0.558428690403043
FATC	4	1	15144	1890	0.413320489701933	0.558428690403043
Filamin	4	1	15144	1890	0.413320489701933	0.558428690403043
Flot	4	1	15144	1890	0.413320489701933	0.558428690403043
G_glu_transpept	4	1	15144	1890	0.413320489701933	0.558428690403043
GDP_Man_Dehyd	4	1	15144	1890	0.413320489701933	0.558428690403043
Hemocyanin_N	18	3	15144	1890	0.393904362487951	0.558428690403043
IBN_N	11	2	15144	1890	0.407294697135899	0.558428690403043
Ig_3	95	13	15144	1890	0.406183346162748	0.558428690403043
Integrin_alpha2	4	1	15144	1890	0.413320489701933	0.558428690403043
Kelch_5	4	1	15144	1890	0.413320489701933	0.558428690403043
Lactamase_B	4	1	15144	1890	0.413320489701933	0.558428690403043
MARVEL	4	1	15144	1890	0.413320489701933	0.558428690403043
MBD	4	1	15144	1890	0.413320489701933	0.558428690403043
Med26	4	1	15144	1890	0.413320489701933	0.558428690403043
MIB_HERC2	4	1	15144	1890	0.413320489701933	0.558428690403043
Nucleoside_tran	4	1	15144	1890	0.413320489701933	0.558428690403043
ParA	4	1	15144	1890	0.413320489701933	0.558428690403043
PAS_9	4	1	15144	1890	0.413320489701933	0.558428690403043
Peptidase_S10	4	1	15144	1890	0.413320489701933	0.558428690403043
PhoLip_ATPase_N	4	1	15144	1890	0.413320489701933	0.558428690403043
PI-PLC-X	4	1	15144	1890	0.413320489701933	0.558428690403043
PI-PLC-Y	4	1	15144	1890	0.413320489701933	0.558428690403043
PI3Ka	4	1	15144	1890	0.413320489701933	0.558428690403043
PIN_4	4	1	15144	1890	0.413320489701933	0.558428690403043
Pyridoxal_deC	11	2	15144	1890	0.407294697135899	0.558428690403043
RGS	11	2	15144	1890	0.407294697135899	0.558428690403043
RhoGEF	25	4	15144	1890	0.381172581928963	0.558428690403043
Rhomboid	4	1	15144	1890	0.413320489701933	0.558428690403043
Sad1_UNC	4	1	15144	1890	0.413320489701933	0.558428690403043
SH3_1	26	4	15144	1890	0.410911510066503	0.558428690403043
Sina	4	1	15144	1890	0.413320489701933	0.558428690403043
SIX1_SD	4	1	15144	1890	0.413320489701933	0.558428690403043
TBP	4	1	15144	1890	0.413320489701933	0.558428690403043
TF_Zn_Ribbon	4	1	15144	1890	0.413320489701933	0.558428690403043
Transferrin	4	1	15144	1890	0.413320489701933	0.558428690403043
VPS13_C	4	1	15144	1890	0.413320489701933	0.558428690403043
VPS9	4	1	15144	1890	0.413320489701933	0.558428690403043
VWA_2	4	1	15144	1890	0.413320489701933	0.558428690403043
WAP	4	1	15144	1890	0.413320489701933	0.558428690403043
WH1	4	1	15144	1890	0.413320489701933	0.558428690403043
WSD	4	1	15144	1890	0.413320489701933	0.558428690403043
Xpo1	4	1	15144	1890	0.413320489701933	0.558428690403043
zf-AN1	4	1	15144	1890	0.413320489701933	0.558428690403043
zf-C3HC4	11	2	15144	1890	0.407294697135899	0.558428690403043
Hemocyanin_C	19	3	15144	1890	0.429169008037301	0.579008187567565
EGF	27	4	15144	1890	0.440335527865656	0.593221033953875
A2M_recep	12	2	15144	1890	0.452489368578486	0.600972442850352
AA_permease_2	12	2	15144	1890	0.452489368578486	0.600972442850352
ANAPC4_WD40	12	2	15144	1890	0.452489368578486	0.600972442850352
Cyt-b5	12	2	15144	1890	0.452489368578486	0.600972442850352
DHHC	12	2	15144	1890	0.452489368578486	0.600972442850352
DOMON	12	2	15144	1890	0.452489368578486	0.600972442850352
fn3	43	6	15144	1890	0.45226274080603	0.600972442850352
Kazal_1	12	2	15144	1890	0.452489368578486	0.600972442850352
Laminin_EGF	12	2	15144	1890	0.452489368578486	0.600972442850352
PI3_PI4_kinase	12	2	15144	1890	0.452489368578486	0.600972442850352
1-cysPrx_C	5	1	15144	1890	0.486558552744426	0.60353828405154
Adap_comp_sub	5	1	15144	1890	0.486558552744426	0.60353828405154
ADK	5	1	15144	1890	0.486558552744426	0.60353828405154
AhpC-TSA	5	1	15144	1890	0.486558552744426	0.60353828405154
Alpha_adaptinC2	5	1	15144	1890	0.486558552744426	0.60353828405154
Alpha-amylase_C	5	1	15144	1890	0.486558552744426	0.60353828405154
Amidohydro_1	5	1	15144	1890	0.486558552744426	0.60353828405154
Aminotran_3	5	1	15144	1890	0.486558552744426	0.60353828405154
BRCT	5	1	15144	1890	0.486558552744426	0.60353828405154
Carn_acyltransf	5	1	15144	1890	0.486558552744426	0.60353828405154
Chorein_N	5	1	15144	1890	0.486558552744426	0.60353828405154
CLTH	5	1	15144	1890	0.486558552744426	0.60353828405154
CTD_bind	5	1	15144	1890	0.486558552744426	0.60353828405154
DAGK_acc	5	1	15144	1890	0.486558552744426	0.60353828405154
Dynamin_N	5	1	15144	1890	0.486558552744426	0.60353828405154
EGF_2	5	1	15144	1890	0.486558552744426	0.60353828405154
F5_F8_type_C	5	1	15144	1890	0.486558552744426	0.60353828405154
GCV_T	5	1	15144	1890	0.486558552744426	0.60353828405154
GCV_T_C	5	1	15144	1890	0.486558552744426	0.60353828405154
Glyco_hydro_20	5	1	15144	1890	0.486558552744426	0.60353828405154
Glycos_transf_1	5	1	15144	1890	0.486558552744426	0.60353828405154
GRIP	5	1	15144	1890	0.486558552744426	0.60353828405154
GST_C_3	5	1	15144	1890	0.486558552744426	0.60353828405154
Hydrolase_4	5	1	15144	1890	0.486558552744426	0.60353828405154
Kunitz_BPTI	5	1	15144	1890	0.486558552744426	0.60353828405154
Lipase_GDSL	5	1	15144	1890	0.486558552744426	0.60353828405154
MBF2	5	1	15144	1890	0.486558552744426	0.60353828405154
Methyltransf_16	5	1	15144	1890	0.486558552744426	0.60353828405154
Mito_carr	36	5	15144	1890	0.472815944425091	0.60353828405154
MOZ_SAS	5	1	15144	1890	0.486558552744426	0.60353828405154
Myosin_tail_1	5	1	15144	1890	0.486558552744426	0.60353828405154
Na_H_Exchanger	5	1	15144	1890	0.486558552744426	0.60353828405154
PAP_assoc	5	1	15144	1890	0.486558552744426	0.60353828405154
PAS_3	5	1	15144	1890	0.486558552744426	0.60353828405154
Peptidase_M13	5	1	15144	1890	0.486558552744426	0.60353828405154
Peptidase_M19	5	1	15144	1890	0.486558552744426	0.60353828405154
Peptidase_S8	5	1	15144	1890	0.486558552744426	0.60353828405154
PrmA	5	1	15144	1890	0.486558552744426	0.60353828405154
SLC12	5	1	15144	1890	0.486558552744426	0.60353828405154
SMC_hinge	5	1	15144	1890	0.486558552744426	0.60353828405154
Sod_Cu	5	1	15144	1890	0.486558552744426	0.60353828405154
Spc97_Spc98	5	1	15144	1890	0.486558552744426	0.60353828405154
Thiol-ester_cl	5	1	15144	1890	0.486558552744426	0.60353828405154
Thioredoxin_6	5	1	15144	1890	0.486558552744426	0.60353828405154
TIG	5	1	15144	1890	0.486558552744426	0.60353828405154
Transket_pyr	5	1	15144	1890	0.486558552744426	0.60353828405154
uDENN	5	1	15144	1890	0.486558552744426	0.60353828405154
WW	20	3	15144	1890	0.463665203186988	0.60353828405154
zf-C2H2_11	5	1	15144	1890	0.486558552744426	0.60353828405154
zf-RING_UBOX	5	1	15144	1890	0.486558552744426	0.60353828405154
A2M_comp	13	2	15144	1890	0.495641140518911	0.610770381820547
A2M_N_2	13	2	15144	1890	0.495641140518911	0.610770381820547
Lig_chan-Glu_bd	13	2	15144	1890	0.495641140518911	0.610770381820547
RA	13	2	15144	1890	0.495641140518911	0.610770381820547
zf-C3HC4_2	13	2	15144	1890	0.495641140518911	0.610770381820547
Lectin_C	29	4	15144	1890	0.497708007583554	0.611711805132142
RhoGAP	21	3	15144	1890	0.49721204082521	0.611711805132142
A2M	14	2	15144	1890	0.536555851517807	0.643920343556676
Abhydro_lipase	6	1	15144	1890	0.550658185171471	0.643920343556676
Actin	14	2	15144	1890	0.536555851517807	0.643920343556676
Arm	6	1	15144	1890	0.550658185171471	0.643920343556676
Claudin_2	6	1	15144	1890	0.550658185171471	0.643920343556676
CNH	6	1	15144	1890	0.550658185171471	0.643920343556676
CRAL_TRIO_N	6	1	15144	1890	0.550658185171471	0.643920343556676
Cu-oxidase	6	1	15144	1890	0.550658185171471	0.643920343556676
Cu-oxidase_2	6	1	15144	1890	0.550658185171471	0.643920343556676
Cu-oxidase_3	6	1	15144	1890	0.550658185171471	0.643920343556676
Cullin_Nedd8	6	1	15144	1890	0.550658185171471	0.643920343556676
DENN	6	1	15144	1890	0.550658185171471	0.643920343556676
DEP	6	1	15144	1890	0.550658185171471	0.643920343556676
E1_dh	6	1	15144	1890	0.550658185171471	0.643920343556676
GATA	6	1	15144	1890	0.550658185171471	0.643920343556676
GHMP_kinases_C	6	1	15144	1890	0.550658185171471	0.643920343556676
GHMP_kinases_N	6	1	15144	1890	0.550658185171471	0.643920343556676
GTP_EFTU_D3	6	1	15144	1890	0.550658185171471	0.643920343556676
Guanylate_cyc	22	3	15144	1890	0.529663638783599	0.643920343556676
Hairy_orange	6	1	15144	1890	0.550658185171471	0.643920343556676
His_Phos_1	6	1	15144	1890	0.550658185171471	0.643920343556676
HNOBA	6	1	15144	1890	0.550658185171471	0.643920343556676
Homeobox_KN	6	1	15144	1890	0.550658185171471	0.643920343556676
Hydrolase_6	6	1	15144	1890	0.550658185171471	0.643920343556676
Hydrolase_like	6	1	15144	1890	0.550658185171471	0.643920343556676
IBR	6	1	15144	1890	0.550658185171471	0.643920343556676
Innexin	6	1	15144	1890	0.550658185171471	0.643920343556676
IRK	6	1	15144	1890	0.550658185171471	0.643920343556676
Laminin_B	6	1	15144	1890	0.550658185171471	0.643920343556676
Pep_M12B_propep	6	1	15144	1890	0.550658185171471	0.643920343556676
Peptidase_M13_N	6	1	15144	1890	0.550658185171471	0.643920343556676
Phospholip_A2_2	6	1	15144	1890	0.550658185171471	0.643920343556676
PSI	6	1	15144	1890	0.550658185171471	0.643920343556676
RasGEF_N	6	1	15144	1890	0.550658185171471	0.643920343556676
RUN	6	1	15144	1890	0.550658185171471	0.643920343556676
SAM_PNT	6	1	15144	1890	0.550658185171471	0.643920343556676
Synaptobrevin	6	1	15144	1890	0.550658185171471	0.643920343556676
TGF_beta	6	1	15144	1890	0.550658185171471	0.643920343556676
TSP_1	14	2	15144	1890	0.536555851517807	0.643920343556676
Cadherin	31	4	15144	1890	0.552393799962798	0.645146490255059
ABC_tran	56	7	15144	1890	0.558808773645725	0.651827873855075
TPR_8	23	3	15144	1890	0.560905973717947	0.653462418512596
LRR_8	147	18	15144	1890	0.572295604412153	0.665905294353174
Myosin_head	15	2	15144	1890	0.575119563158781	0.667536798277003
Proteasome	15	2	15144	1890	0.575119563158781	0.667536798277003
Glyco_hydro_18	32	4	15144	1890	0.578518580120583	0.670653020658305
GST_C	24	3	15144	1890	0.590853616359328	0.68410794791789
AAA	41	5	15144	1890	0.592858468300586	0.68558386913085
AA_permease	7	1	15144	1890	0.60675912519168	0.690602204309076
Amidase_2	7	1	15144	1890	0.60675912519168	0.690602204309076
CBM39	7	1	15144	1890	0.60675912519168	0.690602204309076
Disintegrin	7	1	15144	1890	0.60675912519168	0.690602204309076
ELM2	7	1	15144	1890	0.60675912519168	0.690602204309076
His_Phos_2	7	1	15144	1890	0.60675912519168	0.690602204309076
Lipocalin_2	7	1	15144	1890	0.60675912519168	0.690602204309076
NHL	7	1	15144	1890	0.60675912519168	0.690602204309076
Proteasome_A_N	7	1	15144	1890	0.60675912519168	0.690602204309076
PWWP	7	1	15144	1890	0.60675912519168	0.690602204309076
RNase_T	7	1	15144	1890	0.60675912519168	0.690602204309076
TPR_12	7	1	15144	1890	0.60675912519168	0.690602204309076
VWD	7	1	15144	1890	0.60675912519168	0.690602204309076
Aa_trans	16	2	15144	1890	0.611281577396207	0.694907265345082
JHBP	25	3	15144	1890	0.619446484690741	0.703337665205086
NAD_binding_4	17	2	15144	1890	0.645040439973575	0.729750570042393
Sterile	17	2	15144	1890	0.645040439973575	0.729750570042393
TUDOR	17	2	15144	1890	0.645040439973575	0.729750570042393
AAA_11	8	1	15144	1890	0.655859029623715	0.730547602392252
AAA_12	8	1	15144	1890	0.655859029623715	0.730547602392252
Annexin	8	1	15144	1890	0.655859029623715	0.730547602392252
Clat_adaptor_s	8	1	15144	1890	0.655859029623715	0.730547602392252
DAGK_cat	8	1	15144	1890	0.655859029623715	0.730547602392252
FCH	8	1	15144	1890	0.655859029623715	0.730547602392252
HTH_psq	8	1	15144	1890	0.655859029623715	0.730547602392252
PAS_11	8	1	15144	1890	0.655859029623715	0.730547602392252
Rhodanese	8	1	15144	1890	0.655859029623715	0.730547602392252
TPR_19	8	1	15144	1890	0.655859029623715	0.730547602392252
TPR_2	8	1	15144	1890	0.655859029623715	0.730547602392252
UQ_con	26	3	15144	1890	0.646646698772163	0.730547602392252
zf-B_box	8	1	15144	1890	0.655859029623715	0.730547602392252
Acetyltransf_1	18	2	15144	1890	0.676432449659277	0.750792045189198
Serpin	18	2	15144	1890	0.676432449659277	0.750792045189198
Tetraspannin	18	2	15144	1890	0.676432449659277	0.750792045189198
p450	114	13	15144	1890	0.678634160052518	0.752346489125519
Adaptin_N	9	1	15144	1890	0.698831177748133	0.763914407340508
ArfGap	9	1	15144	1890	0.698831177748133	0.763914407340508
Cadherin_C	9	1	15144	1890	0.698831177748133	0.763914407340508
DAO	9	1	15144	1890	0.698831177748133	0.763914407340508
Endonuclease_NS	9	1	15144	1890	0.698831177748133	0.763914407340508
FKBP_C	9	1	15144	1890	0.698831177748133	0.763914407340508
Lipase	28	3	15144	1890	0.696810938576475	0.763914407340508
Myb_DNA-binding	9	1	15144	1890	0.698831177748133	0.763914407340508
Peptidase_M2	9	1	15144	1890	0.698831177748133	0.763914407340508
Sulfotransfer_2	9	1	15144	1890	0.698831177748133	0.763914407340508
T-box	9	1	15144	1890	0.698831177748133	0.763914407340508
Trehalose_recp	9	1	15144	1890	0.698831177748133	0.763914407340508
Forkhead	19	2	15144	1890	0.705522266320686	0.769437175464721
IQ	19	2	15144	1890	0.705522266320686	0.769437175464721
I-set	91	10	15144	1890	0.713669714512272	0.777419793418821
GST_N_3	29	3	15144	1890	0.719784353691042	0.78226563439339
Peptidase_M14	29	3	15144	1890	0.719784353691042	0.78226563439339
ABC_membrane	20	2	15144	1890	0.732395273335542	0.79393470957087
FA_desaturase	10	1	15144	1890	0.736439970219625	0.79393470957087
hEGF	10	1	15144	1890	0.736439970219625	0.79393470957087
LRR_5	10	1	15144	1890	0.736439970219625	0.79393470957087
Pyr_redox_2	10	1	15144	1890	0.736439970219625	0.79393470957087
TPR_11	10	1	15144	1890	0.736439970219625	0.79393470957087
zf-CCCH	10	1	15144	1890	0.736439970219625	0.79393470957087
Hormone_recep	21	2	15144	1890	0.757151403073471	0.815327026933474
C2-set_2	31	3	15144	1890	0.761627399604875	0.819207477925519
CN_hydrolase	11	1	15144	1890	0.769354497527997	0.822806233688826
E1-E2_ATPase	11	1	15144	1890	0.769354497527997	0.822806233688826
Peptidase_C1	11	1	15144	1890	0.769354497527997	0.822806233688826
Peptidase_M28	11	1	15144	1890	0.769354497527997	0.822806233688826
RasGEF	11	1	15144	1890	0.769354497527997	0.822806233688826
BTB	69	7	15144	1890	0.773985869235941	0.826817669183787
DM4_12	22	2	15144	1890	0.779900179502458	0.829361572539987
FERM_M	22	2	15144	1890	0.779900179502458	0.829361572539987
Thioredoxin	22	2	15144	1890	0.779900179502458	0.829361572539987
zf-C4	22	2	15144	1890	0.779900179502458	0.829361572539987
C1_1	23	2	15144	1890	0.800756770529555	0.846746179647806
DnaJ	33	3	15144	1890	0.79825183755032	0.846746179647806
DUF243	12	1	15144	1890	0.798160418341589	0.846746179647806
PHD	23	2	15144	1890	0.800756770529555	0.846746179647806
SH3_9	23	2	15144	1890	0.800756770529555	0.846746179647806
zf-met	43	4	15144	1890	0.801838451943872	0.846936227643753
Ank_2	82	8	15144	1890	0.818707600724014	0.861922816401757
Astacin	13	1	15144	1890	0.823370358160145	0.861922816401757
ERAP1_C	24	2	15144	1890	0.819838875454121	0.861922816401757
GMC_oxred_N	24	2	15144	1890	0.819838875454121	0.861922816401757
GTP_EFTU_D2	13	1	15144	1890	0.823370358160145	0.861922816401757
MRJP	13	1	15144	1890	0.823370358160145	0.861922816401757
Pro_isomerase	13	1	15144	1890	0.823370358160145	0.861922816401757
TPR_1	13	1	15144	1890	0.823370358160145	0.861922816401757
GMC_oxred_C	25	2	15144	1890	0.837264300737893	0.875491289969802
FYVE	14	1	15144	1890	0.845433012517248	0.883049609292209
Peptidase_M1	26	2	15144	1890	0.853149100901704	0.88913097197192
UDPGT	26	2	15144	1890	0.853149100901704	0.88913097197192
PCI	15	1	15144	1890	0.864741116042853	0.898221137128583
Ricin_B_lectin	15	1	15144	1890	0.864741116042853	0.898221137128583
THAP	15	1	15144	1890	0.864741116042853	0.898221137128583
TIL	27	2	15144	1890	0.867606181363002	0.900201330718076
C2	38	3	15144	1890	0.869613239579399	0.901287894001165
HLH	49	4	15144	1890	0.876158576803591	0.907070456029297
Metallophos	28	2	15144	1890	0.880744276961966	0.910735396131484
Propep_M14	16	1	15144	1890	0.881638418619296	0.910735396131484
Fibrinogen_C	51	4	15144	1890	0.894898091623618	0.922964713766765
Glycos_transf_2	17	1	15144	1890	0.896425792284654	0.922964713766765
GTP_EFTU	17	1	15144	1890	0.896425792284654	0.922964713766765
Ldl_recept_a	30	2	15144	1890	0.903473537634508	0.928185614703286
SH2	30	2	15144	1890	0.903473537634508	0.928185614703286
SNF2_N	18	1	15144	1890	0.90936657714497	0.932200017400794
Sulfotransfer_1	18	1	15144	1890	0.90936657714497	0.932200017400794
DUF4806	31	2	15144	1890	0.913256029912414	0.935166207293082
ABC2_membrane	19	1	15144	1890	0.920691261079653	0.940728067631984
MADF_DNA_bdg	19	1	15144	1890	0.920691261079653	0.940728067631984
CUB	20	1	15144	1890	0.930601576224079	0.946356060626645
ELO	20	1	15144	1890	0.930601576224079	0.946356060626645
KH_1	20	1	15144	1890	0.930601576224079	0.946356060626645
zf-AD	136	12	15144	1890	0.928916261596827	0.946356060626645
zf-C2H2_6	56	4	15144	1890	0.931238551670948	0.946356060626645
An_peroxidase	21	1	15144	1890	0.93927408488161	0.953490125085224
ubiquitin	22	1	15144	1890	0.946863318471093	0.960156216030623
PBP_GOBP	61	4	15144	1890	0.955813946459521	0.968186942530195
RRM_1	127	10	15144	1890	0.963611830254564	0.975033953242495
AMP-binding	26	1	15144	1890	0.968851664381803	0.979280638164169
WD40	131	10	15144	1890	0.972301388131568	0.981710756403809
7tm_7	55	3	15144	1890	0.974639307518302	0.983014296197299
PDZ	59	3	15144	1890	0.9831775795217	0.990561960483773
zf-C2H2_4	32	1	15144	1890	0.986024339767962	0.992365332306663
zf-C2H2	268	21	15144	1890	0.99460359747036	0.99992802786367
7tm_6	77	3	15144	1890	0.997552745329466	0.999984990570329
Chitin_bind_4	167	6	15144	1890	0.999984990570329	0.999984990570329
DEAD	56	1	15144	1890	0.999435528182643	0.999984990570329
DUF1091	68	2	15144	1890	0.998783442205127	0.999984990570329
Helicase_C	80	3	15144	1890	0.998243488960717	0.999984990570329
